0.000000E+0 2.300000E+5 5.000000E+4 2.110020E+5 9.830000E-8 9.720000E-8 2.580000E-8 3.550000E-8 1.546667E-8 1.496667E-8 1.553333E-8 1.520000E-8 1.381333E-7 -1.033333E-11 0.000000E+0 7.480440E-5
1.000000E+0 2.300000E+5 5.100200E+4 2.110020E+5 9.950000E-8 9.833333E-8 2.616667E-8 3.610000E-8 1.566667E-8 1.516667E-8 1.573333E-8 1.536667E-8 1.399333E-7 -1.133333E-11 0.000000E+0 8.099879E-5
2.000000E+0 2.300000E+5 5.199800E+4 2.110020E+5 9.946667E-8 9.830000E-8 2.616667E-8 3.596667E-8 1.563333E-8 1.520000E-8 1.576667E-8 1.536667E-8 1.398000E-7 -1.166667E-11 0.000000E+0 8.344472E-5
3.000000E+0 2.300000E+5 5.300000E+4 2.110020E+5 9.913333E-8 9.800000E-8 2.610000E-8 3.593333E-8 1.560000E-8 1.516667E-8 1.570000E-8 1.533333E-8 1.394333E-7 -1.166667E-11 0.000000E+0 8.366258E-5
4.000000E+0 2.300000E+5 5.400200E+4 2.110020E+5 9.953333E-8 9.836667E-8 2.620000E-8 3.610000E-8 1.566667E-8 1.516667E-8 1.576667E-8 1.536667E-8 1.400333E-7 -1.233333E-11 0.000000E+0 8.807037E-5
5.000000E+0 2.300000E+5 5.500200E+4 2.110020E+5 9.923333E-8 9.793333E-8 2.616667E-8 3.603333E-8 1.563333E-8 1.510000E-8 1.570000E-8 1.536667E-8 1.396333E-7 -1.233333E-11 0.000000E+0 8.833814E-5
6.000000E+0 2.300000E+5 5.599800E+4 2.110020E+5 9.770000E-8 9.650000E-8 2.573333E-8 3.546667E-8 1.536667E-8 1.490000E-8 1.546667E-8 1.510000E-8 1.374667E-7 -1.233333E-11 0.000000E+0 8.971833E-5
7.000000E+0 2.300000E+5 5.700000E+4 2.110020E+5 9.720000E-8 9.603333E-8 2.560000E-8 3.523333E-8 1.530000E-8 1.483333E-8 1.540000E-8 1.503333E-8 1.367333E-7 -1.266667E-11 0.000000E+0 9.263544E-5
8.000000E+0 2.300000E+5 5.800200E+4 2.110020E+5 9.753333E-8 9.636667E-8 2.570000E-8 3.540000E-8 1.533333E-8 1.486667E-8 1.543333E-8 1.510000E-8 1.372333E-7 -1.366667E-11 0.000000E+0 9.958509E-5
9.000000E+0 2.300000E+5 5.900200E+4 2.110020E+5 9.720000E-8 9.596667E-8 2.560000E-8 3.520000E-8 1.530000E-8 1.480000E-8 1.536667E-8 1.506667E-8 1.366667E-7 -1.333333E-11 0.000000E+0 9.756218E-5
1.000000E+1 2.300000E+5 5.999800E+4 2.110020E+5 9.720000E-8 9.610000E-8 2.560000E-8 3.523333E-8 1.530000E-8 1.480000E-8 1.540000E-8 1.503333E-8 1.367333E-7 -1.400000E-11 0.000000E+0 1.023909E-4
1.100000E+1 2.300000E+5 6.100000E+4 2.110020E+5 9.763333E-8 9.643333E-8 2.570000E-8 3.533333E-8 1.536667E-8 1.486667E-8 1.546667E-8 1.510000E-8 1.372667E-7 -1.400000E-11 0.000000E+0 1.019915E-4
1.200000E+1 2.300000E+5 6.200200E+4 2.110020E+5 9.713333E-8 9.603333E-8 2.560000E-8 3.520000E-8 1.530000E-8 1.480000E-8 1.540000E-8 1.503333E-8 1.366333E-7 -1.500000E-11 0.000000E+0 1.097829E-4
1.300000E+1 2.300000E+5 6.300200E+4 2.110020E+5 9.706667E-8 9.590000E-8 2.556667E-8 3.523333E-8 1.526667E-8 1.480000E-8 1.540000E-8 1.503333E-8 1.366000E-7 -1.500000E-11 0.000000E+0 1.098079E-4
1.400000E+1 2.300000E+5 6.399800E+4 2.110020E+5 9.973333E-8 9.856667E-8 2.626667E-8 3.610000E-8 1.570000E-8 1.520000E-8 1.583333E-8 1.543333E-8 1.402333E-7 -1.633333E-11 0.000000E+0 1.164642E-4
1.500000E+1 2.300000E+5 6.500000E+4 2.110020E+5 9.850000E-8 9.726667E-8 2.600000E-8 3.580000E-8 1.550000E-8 1.496667E-8 1.556667E-8 1.530000E-8 1.386000E-7 -1.666667E-11 0.000000E+0 1.202523E-4
1.600000E+1 2.300000E+5 6.600200E+4 2.110020E+5 9.963333E-8 9.850000E-8 2.616667E-8 3.596667E-8 1.563333E-8 1.520000E-8 1.583333E-8 1.543333E-8 1.400333E-7 -1.766667E-11 0.000000E+0 1.261480E-4
1.700000E+1 2.300000E+5 6.700200E+4 2.110020E+5 1.006667E-7 9.946667E-8 2.646667E-8 3.640000E-8 1.583333E-8 1.536667E-8 1.600000E-8 1.556667E-8 1.415000E-7 -1.866667E-11 0.000000E+0 1.319379E-4
1.800000E+1 2.300000E+5 6.799800E+4 2.110020E+5 1.013667E-7 1.001667E-7 2.670000E-8 3.673333E-8 1.596667E-8 1.543333E-8 1.606667E-8 1.570000E-8 1.425667E-7 -1.933333E-11 0.000000E+0 1.356217E-4
1.900000E+1 2.300000E+5 6.900000E+4 2.110020E+5 1.006000E-7 9.930000E-8 2.653333E-8 3.656667E-8 1.583333E-8 1.526667E-8 1.590000E-8 1.560000E-8 1.415667E-7 -2.000000E-11 0.000000E+0 1.413119E-4
2.000000E+1 2.300000E+5 7.000200E+4 2.110020E+5 9.940000E-8 9.826667E-8 2.616667E-8 3.600000E-8 1.563333E-8 1.516667E-8 1.580000E-8 1.543333E-8 1.398000E-7 -2.133333E-11 0.000000E+0 1.526247E-4
2.100000E+1 2.300000E+5 7.100200E+4 2.110020E+5 9.876667E-8 9.760000E-8 2.596667E-8 3.576667E-8 1.550000E-8 1.506667E-8 1.566667E-8 1.530000E-8 1.389000E-7 -2.366667E-11 0.000000E+0 1.703883E-4
2.200000E+1 2.300000E+5 7.199800E+4 2.110020E+5 9.840000E-8 9.723333E-8 2.590000E-8 3.566667E-8 1.543333E-8 1.500000E-8 1.560000E-8 1.530000E-8 1.384333E-7 -2.433333E-11 0.000000E+0 1.757789E-4
2.300000E+1 2.300000E+5 7.300000E+4 2.110020E+5 9.853333E-8 9.736667E-8 2.593333E-8 3.573333E-8 1.546667E-8 1.500000E-8 1.560000E-8 1.530000E-8 1.386000E-7 -2.533333E-11 0.000000E+0 1.827769E-4
2.400000E+1 2.300000E+5 7.400200E+4 2.110020E+5 1.016000E-7 1.005333E-7 2.663333E-8 3.656667E-8 1.593333E-8 1.556667E-8 1.620000E-8 1.573333E-8 1.426333E-7 -2.900000E-11 0.000000E+0 2.032808E-4
2.500000E+1 2.300000E+5 7.500200E+4 2.110020E+5 1.007000E-7 9.946667E-8 2.656667E-8 3.656667E-8 1.583333E-8 1.533333E-8 1.593333E-8 1.563333E-8 1.417000E-7 -3.033333E-11 0.000000E+0 2.140648E-4
2.600000E+1 2.300000E+5 7.599800E+4 2.110020E+5 9.956667E-8 9.833333E-8 2.623333E-8 3.610000E-8 1.563333E-8 1.520000E-8 1.580000E-8 1.546667E-8 1.400667E-7 -3.466667E-11 0.000000E+0 2.474845E-4
2.700000E+1 2.300000E+5 7.700000E+4 2.110020E+5 9.913333E-8 9.800000E-8 2.610000E-8 3.593333E-8 1.553333E-8 1.510000E-8 1.570000E-8 1.540000E-8 1.394333E-7 -3.733333E-11 0.000000E+0 2.677510E-4
2.800000E+1 2.300000E+5 7.800200E+4 2.110020E+5 9.953333E-8 9.830000E-8 2.620000E-8 3.606667E-8 1.560000E-8 1.516667E-8 1.576667E-8 1.546667E-8 1.399667E-7 -4.333333E-11 0.000000E+0 3.095942E-4
2.900000E+1 2.300000E+5 7.900200E+4 2.110020E+5 9.920000E-8 9.800000E-8 2.610000E-8 3.593333E-8 1.556667E-8 1.510000E-8 1.570000E-8 1.540000E-8 1.395000E-7 -5.033333E-11 0.000000E+0 3.608124E-4
3.000000E+1 2.300000E+5 7.999800E+4 2.110020E+5 9.923333E-8 9.806667E-8 2.610000E-8 3.593333E-8 1.556667E-8 1.513333E-8 1.573333E-8 1.540000E-8 1.395333E-7 -5.900000E-11 0.000000E+0 4.228417E-4
3.100000E+1 2.300000E+5 8.100000E+4 2.110020E+5 1.002333E-7 9.896667E-8 2.640000E-8 3.636667E-8 1.573333E-8 1.526667E-8 1.583333E-8 1.556667E-8 1.409667E-7 -7.100000E-11 0.000000E+0 5.036451E-4
3.200000E+1 2.300000E+5 8.200200E+4 2.110020E+5 9.966667E-8 9.850000E-8 2.623333E-8 3.610000E-8 1.560000E-8 1.520000E-8 1.580000E-8 1.546667E-8 1.401667E-7 -8.500000E-11 0.000000E+0 6.064214E-4
3.300000E+1 2.300000E+5 8.300200E+4 2.110020E+5 1.011000E-7 9.983333E-8 2.666667E-8 3.673333E-8 1.590000E-8 1.543333E-8 1.593333E-8 1.570000E-8 1.422333E-7 -1.056667E-10 0.000000E+0 7.428837E-4
3.400000E+1 2.300000E+5 8.399800E+4 2.110020E+5 9.950000E-8 9.823333E-8 2.620000E-8 3.600000E-8 1.560000E-8 1.516667E-8 1.576667E-8 1.543333E-8 1.399000E-7 -1.280000E-10 0.000000E+0 9.149405E-4
3.500000E+1 2.300000E+5 8.500000E+4 2.110020E+5 9.953333E-8 9.833333E-8 2.620000E-8 3.603333E-8 1.560000E-8 1.520000E-8 1.580000E-8 1.546667E-8 1.399333E-7 -1.530000E-10 0.000000E+0 1.093379E-3
3.600000E+1 2.300000E+5 8.600200E+4 2.110020E+5 1.001333E-7 9.893333E-8 2.636667E-8 3.626667E-8 1.570000E-8 1.526667E-8 1.590000E-8 1.553333E-8 1.408000E-7 -1.903333E-10 0.000000E+0 1.351787E-3
3.700000E+1 2.300000E+5 8.700200E+4 2.110020E+5 1.004667E-7 9.930000E-8 2.646667E-8 3.636667E-8 1.576667E-8 1.536667E-8 1.590000E-8 1.560000E-8 1.413000E-7 -2.390000E-10 0.000000E+0 1.691393E-3
3.800000E+1 2.300000E+5 8.799800E+4 2.110020E+5 1.002667E-7 9.910000E-8 2.640000E-8 3.633333E-8 1.573333E-8 1.530000E-8 1.590000E-8 1.560000E-8 1.409667E-7 -2.826667E-10 0.000000E+0 2.005193E-3
3.900000E+1 2.300000E+5 8.900000E+4 2.110020E+5 1.004667E-7 9.923333E-8 2.646667E-8 3.640000E-8 1.573333E-8 1.530000E-8 1.590000E-8 1.563333E-8 1.412667E-7 -3.410000E-10 0.000000E+0 2.413864E-3
4.000000E+1 2.300000E+5 9.000200E+4 2.110020E+5 1.003667E-7 9.913333E-8 2.646667E-8 3.640000E-8 1.573333E-8 1.530000E-8 1.586667E-8 1.560000E-8 1.411667E-7 -4.060000E-10 0.000000E+0 2.875980E-3
4.100000E+1 2.300000E+5 9.100200E+4 2.110020E+5 1.004333E-7 9.926667E-8 2.643333E-8 3.633333E-8 1.576667E-8 1.533333E-8 1.593333E-8 1.556667E-8 1.412333E-7 -4.740000E-10 0.000000E+0 3.356214E-3
4.200000E+1 2.300000E+5 9.199800E+4 2.110020E+5 1.012667E-7 1.000667E-7 2.666667E-8 3.670000E-8 1.590000E-8 1.546667E-8 1.600000E-8 1.570000E-8 1.424333E-7 -5.570000E-10 0.000000E+0 3.910585E-3
4.300000E+1 2.300000E+5 9.300000E+4 2.110020E+5 1.013000E-7 1.000667E-7 2.666667E-8 3.676667E-8 1.590000E-8 1.546667E-8 1.600000E-8 1.570000E-8 1.424667E-7 -6.313333E-10 0.000000E+0 4.431436E-3
4.400000E+1 2.300000E+5 9.400200E+4 2.110020E+5 1.014333E-7 1.002333E-7 2.670000E-8 3.673333E-8 1.590000E-8 1.550000E-8 1.606667E-8 1.573333E-8 1.426333E-7 -7.106667E-10 0.000000E+0 4.982463E-3
4.500000E+1 2.300000E+5 9.500200E+4 2.110020E+5 1.020000E-7 1.008333E-7 2.683333E-8 3.693333E-8 1.600000E-8 1.560000E-8 1.613333E-8 1.583333E-8 1.434000E-7 -7.940000E-10 0.000000E+0 5.536925E-3
4.600000E+1 2.300000E+5 9.599800E+4 2.110020E+5 1.021667E-7 1.010000E-7 2.690000E-8 3.703333E-8 1.603333E-8 1.560000E-8 1.620000E-8 1.586667E-8 1.437000E-7 -8.793333E-10 0.000000E+0 6.119281E-3
4.700000E+1 2.300000E+5 9.700000E+4 2.110020E+5 1.023000E-7 1.011000E-7 2.693333E-8 3.703333E-8 1.606667E-8 1.560000E-8 1.620000E-8 1.590000E-8 1.438333E-7 -9.553333E-10 0.000000E+0 6.641939E-3
4.800000E+1 2.300000E+5 9.800200E+4 2.110020E+5 1.023000E-7 1.011000E-7 2.693333E-8 3.703333E-8 1.606667E-8 1.560000E-8 1.623333E-8 1.590000E-8 1.438667E-7 -1.025667E-9 0.000000E+0 7.129323E-3
4.900000E+1 2.300000E+5 9.900200E+4 2.110020E+5 1.036000E-7 1.023667E-7 2.733333E-8 3.760000E-8 1.630000E-8 1.580000E-8 1.640000E-8 1.610000E-8 1.457333E-7 -1.107000E-9 0.000000E+0 7.596051E-3
5.000000E+1 2.300000E+5 9.999800E+4 2.110020E+5 1.035667E-7 1.023000E-7 2.730000E-8 3.750000E-8 1.626667E-8 1.576667E-8 1.643333E-8 1.606667E-8 1.456333E-7 -1.167333E-9 0.000000E+0 8.015546E-3
5.100000E+1 2.300000E+5 1.010000E+5 2.110020E+5 1.034667E-7 1.022333E-7 2.726667E-8 3.750000E-8 1.620000E-8 1.576667E-8 1.643333E-8 1.610000E-8 1.455333E-7 -1.215333E-9 0.000000E+0 8.350889E-3
5.200000E+1 2.300000E+5 1.020020E+5 2.110020E+5 1.052667E-7 1.039667E-7 2.773333E-8 3.820000E-8 1.650000E-8 1.603333E-8 1.670000E-8 1.636667E-8 1.481000E-7 -1.280333E-9 0.000000E+0 8.645053E-3
5.300000E+1 2.300000E+5 1.030020E+5 2.110020E+5 1.048000E-7 1.035667E-7 2.760000E-8 3.793333E-8 1.643333E-8 1.596667E-8 1.663333E-8 1.626667E-8 1.473667E-7 -1.319000E-9 0.000000E+0 8.950387E-3
5.400000E+1 2.300000E+5 1.039980E+5 2.110020E+5 1.047667E-7 1.035000E-7 2.760000E-8 3.796667E-8 1.646667E-8 1.596667E-8 1.660000E-8 1.626667E-8 1.473333E-7 -1.354000E-9 0.000000E+0 9.190078E-3
5.500000E+1 2.300000E+5 1.050000E+5 2.110020E+5 1.059000E-7 1.046333E-7 2.790000E-8 3.840000E-8 1.660000E-8 1.613333E-8 1.680000E-8 1.646667E-8 1.489333E-7 -1.384000E-9 0.000000E+0 9.292777E-3
5.600000E+1 2.300000E+5 1.060020E+5 2.110020E+5 1.031333E-7 1.019000E-7 2.713333E-8 3.740000E-8 1.613333E-8 1.573333E-8 1.636667E-8 1.606667E-8 1.450667E-7 -1.367667E-9 0.000000E+0 9.427853E-3
5.700000E+1 2.300000E+5 1.070020E+5 2.110020E+5 1.037667E-7 1.025333E-7 2.730000E-8 3.756667E-8 1.623333E-8 1.583333E-8 1.650000E-8 1.613333E-8 1.459000E-7 -1.396000E-9 0.000000E+0 9.568215E-3
5.800000E+1 2.300000E+5 1.079980E+5 2.110020E+5 1.066333E-7 1.054000E-7 2.810000E-8 3.866667E-8 1.673333E-8 1.626667E-8 1.690000E-8 1.660000E-8 1.500000E-7 -1.441000E-9 0.000000E+0 9.606572E-3
5.900000E+1 2.300000E+5 1.090000E+5 2.110020E+5 1.064667E-7 1.052333E-7 2.806667E-8 3.860000E-8 1.673333E-8 1.626667E-8 1.686667E-8 1.656667E-8 1.497333E-7 -1.457333E-9 0.000000E+0 9.732842E-3
6.000000E+1 2.300000E+5 1.100020E+5 2.110020E+5 1.055667E-7 1.042667E-7 2.783333E-8 3.830000E-8 1.656667E-8 1.610000E-8 1.673333E-8 1.643333E-8 1.485000E-7 -1.453000E-9 0.000000E+0 9.784446E-3
6.100000E+1 2.300000E+5 1.110020E+5 2.110020E+5 1.039000E-7 1.027000E-7 2.736667E-8 3.760000E-8 1.626667E-8 1.586667E-8 1.650000E-8 1.616667E-8 1.460667E-7 -1.434667E-9 0.000000E+0 9.821992E-3
6.200000E+1 2.300000E+5 1.119980E+5 2.110020E+5 1.054333E-7 1.041000E-7 2.783333E-8 3.833333E-8 1.653333E-8 1.606667E-8 1.670000E-8 1.643333E-8 1.483000E-7 -1.459667E-9 0.000000E+0 9.842720E-3
6.300000E+1 2.300000E+5 1.130000E+5 2.110020E+5 1.055667E-7 1.043333E-7 2.776667E-8 3.820000E-8 1.653333E-8 1.613333E-8 1.673333E-8 1.643333E-8 1.484000E-7 -1.464000E-9 0.000000E+0 9.865140E-3
6.400000E+1 2.300000E+5 1.140020E+5 2.110020E+5 1.047667E-7 1.034667E-7 2.760000E-8 3.806667E-8 1.640000E-8 1.596667E-8 1.660000E-8 1.633333E-8 1.474667E-7 -1.459333E-9 0.000000E+0 9.896037E-3
6.500000E+1 2.300000E+5 1.150020E+5 2.110020E+5 1.041333E-7 1.028667E-7 2.740000E-8 3.773333E-8 1.630000E-8 1.590000E-8 1.650000E-8 1.620000E-8 1.464333E-7 -1.451667E-9 0.000000E+0 9.913510E-3
6.600000E+1 2.300000E+5 1.159980E+5 2.110020E+5 1.073000E-7 1.060333E-7 2.823333E-8 3.886667E-8 1.680000E-8 1.640000E-8 1.700000E-8 1.670000E-8 1.508667E-7 -1.496333E-9 0.000000E+0 9.918240E-3
6.700000E+1 2.300000E+5 1.170000E+5 2.110020E+5 1.045000E-7 1.032000E-7 2.756667E-8 3.796667E-8 1.633333E-8 1.593333E-8 1.653333E-8 1.630000E-8 1.470000E-7 -1.456333E-9 0.000000E+0 9.907015E-3
6.800000E+1 2.300000E+5 1.180020E+5 2.110020E+5 1.047667E-7 1.035333E-7 2.760000E-8 3.800000E-8 1.643333E-8 1.600000E-8 1.660000E-8 1.633333E-8 1.473333E-7 -1.465667E-9 0.000000E+0 9.947941E-3
6.900000E+1 2.300000E+5 1.190020E+5 2.110020E+5 1.060667E-7 1.046667E-7 2.800000E-8 3.860000E-8 1.660000E-8 1.616667E-8 1.676667E-8 1.653333E-8 1.492667E-7 -1.487667E-9 0.000000E+0 9.966171E-3
7.000000E+1 2.300000E+5 1.199980E+5 2.110020E+5 1.065333E-7 1.052333E-7 2.806667E-8 3.866667E-8 1.670000E-8 1.626667E-8 1.683333E-8 1.660000E-8 1.498333E-7 -1.495333E-9 0.000000E+0 9.980075E-3
7.100000E+1 2.300000E+5 1.210000E+5 2.110020E+5 1.054000E-7 1.041667E-7 2.776667E-8 3.826667E-8 1.653333E-8 1.610000E-8 1.670000E-8 1.643333E-8 1.482333E-7 -1.476000E-9 0.000000E+0 9.957297E-3
7.200000E+1 2.300000E+5 1.220020E+5 2.110020E+5 1.044000E-7 1.031333E-7 2.750000E-8 3.786667E-8 1.630000E-8 1.593333E-8 1.650000E-8 1.626667E-8 1.467667E-7 -1.460667E-9 0.000000E+0 9.952273E-3
7.300000E+1 2.300000E+5 1.230020E+5 2.110020E+5 1.041667E-7 1.029667E-7 2.743333E-8 3.780000E-8 1.630000E-8 1.590000E-8 1.650000E-8 1.623333E-8 1.465667E-7 -1.470000E-9 0.000000E+0 1.002956E-2
7.400000E+1 2.300000E+5 1.239980E+5 2.110020E+5 1.045667E-7 1.033333E-7 2.753333E-8 3.790000E-8 1.636667E-8 1.600000E-8 1.656667E-8 1.630000E-8 1.471000E-7 -1.480667E-9 0.000000E+0 1.006572E-2
7.500000E+1 2.300000E+5 1.250000E+5 2.110020E+5 1.045667E-7 1.033333E-7 2.750000E-8 3.790000E-8 1.640000E-8 1.600000E-8 1.656667E-8 1.630000E-8 1.470333E-7 -1.475667E-9 0.000000E+0 1.003628E-2
7.600000E+1 2.300000E+5 1.260020E+5 2.110020E+5 1.051667E-7 1.039667E-7 2.766667E-8 3.806667E-8 1.643333E-8 1.610000E-8 1.666667E-8 1.636667E-8 1.478333E-7 -1.481000E-9 0.000000E+0 1.001800E-2
7.700000E+1 2.300000E+5 1.270020E+5 2.110020E+5 1.045667E-7 1.033333E-7 2.750000E-8 3.790000E-8 1.640000E-8 1.600000E-8 1.653333E-8 1.630000E-8 1.470333E-7 -1.483667E-9 0.000000E+0 1.009067E-2
7.800000E+1 2.300000E+5 1.279980E+5 2.110020E+5 1.044333E-7 1.032000E-7 2.750000E-8 3.790000E-8 1.633333E-8 1.596667E-8 1.650000E-8 1.630000E-8 1.468667E-7 -1.481333E-9 0.000000E+0 1.008626E-2
7.900000E+1 2.300000E+5 1.290000E+5 2.110020E+5 1.044000E-7 1.031667E-7 2.750000E-8 3.783333E-8 1.630000E-8 1.596667E-8 1.650000E-8 1.630000E-8 1.468000E-7 -1.474000E-9 0.000000E+0 1.004087E-2
8.000000E+1 2.300000E+5 1.300020E+5 2.110020E+5 1.046000E-7 1.033000E-7 2.756667E-8 3.796667E-8 1.636667E-8 1.600000E-8 1.653333E-8 1.630000E-8 1.470667E-7 -1.474333E-9 0.000000E+0 1.002492E-2
8.100000E+1 2.300000E+5 1.310020E+5 2.110020E+5 1.043333E-7 1.031333E-7 2.750000E-8 3.780000E-8 1.630000E-8 1.600000E-8 1.650000E-8 1.630000E-8 1.467667E-7 -1.477000E-9 0.000000E+0 1.006359E-2
8.200000E+1 2.300000E+5 1.319980E+5 2.110020E+5 1.046000E-7 1.033000E-7 2.760000E-8 3.800000E-8 1.636667E-8 1.600000E-8 1.653333E-8 1.633333E-8 1.471333E-7 -1.485000E-9 0.000000E+0 1.009285E-2
8.300000E+1 2.300000E+5 1.330000E+5 2.110020E+5 1.045333E-7 1.033000E-7 2.756667E-8 3.790000E-8 1.636667E-8 1.600000E-8 1.653333E-8 1.630000E-8 1.470000E-7 -1.487667E-9 0.000000E+0 1.012014E-2
8.400000E+1 2.300000E+5 1.340020E+5 2.110020E+5 1.047000E-7 1.034000E-7 2.760000E-8 3.800000E-8 1.636667E-8 1.603333E-8 1.653333E-8 1.633333E-8 1.472667E-7 -1.489667E-9 0.000000E+0 1.011546E-2
8.500000E+1 2.300000E+5 1.350020E+5 2.110020E+5 1.050333E-7 1.038333E-7 2.763333E-8 3.800000E-8 1.643333E-8 1.606667E-8 1.666667E-8 1.636667E-8 1.476667E-7 -1.495667E-9 0.000000E+0 1.012864E-2
8.600000E+1 2.300000E+5 1.359980E+5 2.110020E+5 1.064667E-7 1.051667E-7 2.806667E-8 3.870000E-8 1.666667E-8 1.626667E-8 1.683333E-8 1.660000E-8 1.497000E-7 -1.516667E-9 0.000000E+0 1.013136E-2
8.700000E+1 2.300000E+5 1.370000E+5 2.110020E+5 1.042333E-7 1.030000E-7 2.746667E-8 3.780000E-8 1.630000E-8 1.590000E-8 1.650000E-8 1.623333E-8 1.466333E-7 -1.482667E-9 0.000000E+0 1.011139E-2
8.800000E+1 2.300000E+5 1.380020E+5 2.110020E+5 1.043000E-7 1.030333E-7 2.750000E-8 3.780000E-8 1.630000E-8 1.596667E-8 1.650000E-8 1.626667E-8 1.466667E-7 -1.494667E-9 0.000000E+0 1.019092E-2
8.900000E+1 2.300000E+5 1.390020E+5 2.110020E+5 1.042000E-7 1.029333E-7 2.740000E-8 3.776667E-8 1.630000E-8 1.590000E-8 1.650000E-8 1.620000E-8 1.465000E-7 -1.488333E-9 0.000000E+0 1.015927E-2
9.000000E+1 2.300000E+5 1.399980E+5 2.110020E+5 1.047667E-7 1.035000E-7 2.763333E-8 3.806667E-8 1.640000E-8 1.603333E-8 1.653333E-8 1.636667E-8 1.474333E-7 -1.503667E-9 0.000000E+0 1.019886E-2
9.100000E+1 2.300000E+5 1.410000E+5 2.110020E+5 1.042000E-7 1.029667E-7 2.743333E-8 3.780000E-8 1.630000E-8 1.590000E-8 1.650000E-8 1.626667E-8 1.465667E-7 -1.493333E-9 0.000000E+0 1.018877E-2
9.200000E+1 2.300000E+5 1.420020E+5 2.110020E+5 1.045000E-7 1.032333E-7 2.753333E-8 3.790000E-8 1.636667E-8 1.600000E-8 1.650000E-8 1.630000E-8 1.470000E-7 -1.502000E-9 0.000000E+0 1.021773E-2
9.300000E+1 2.300000E+5 1.430020E+5 2.110020E+5 1.049333E-7 1.036667E-7 2.766667E-8 3.806667E-8 1.640000E-8 1.610000E-8 1.660000E-8 1.636667E-8 1.476000E-7 -1.506333E-9 0.000000E+0 1.020550E-2
9.400000E+1 2.300000E+5 1.439980E+5 2.110020E+5 1.066333E-7 1.053333E-7 2.810000E-8 3.870000E-8 1.670000E-8 1.630000E-8 1.686667E-8 1.660000E-8 1.499667E-7 -1.534667E-9 0.000000E+0 1.023358E-2
9.500000E+1 2.300000E+5 1.450000E+5 2.110020E+5 1.041000E-7 1.029000E-7 2.740000E-8 3.776667E-8 1.630000E-8 1.590000E-8 1.646667E-8 1.620000E-8 1.464667E-7 -1.501000E-9 0.000000E+0 1.024806E-2
9.600000E+1 2.300000E+5 1.460020E+5 2.110020E+5 1.041000E-7 1.028333E-7 2.740000E-8 3.770000E-8 1.630000E-8 1.590000E-8 1.650000E-8 1.620000E-8 1.463667E-7 -1.496333E-9 0.000000E+0 1.022319E-2
9.700000E+1 2.300000E+5 1.470020E+5 2.110020E+5 1.040333E-7 1.028000E-7 2.740000E-8 3.770000E-8 1.630000E-8 1.590000E-8 1.650000E-8 1.620000E-8 1.462667E-7 -1.496000E-9 0.000000E+0 1.022789E-2
9.800000E+1 2.300000E+5 1.479980E+5 2.110020E+5 1.059667E-7 1.047667E-7 2.790000E-8 3.836667E-8 1.660000E-8 1.623333E-8 1.673333E-8 1.653333E-8 1.490000E-7 -1.516000E-9 0.000000E+0 1.017465E-2
9.900000E+1 2.300000E+5 1.490000E+5 2.110020E+5 1.054667E-7 1.043000E-7 2.773333E-8 3.813333E-8 1.650000E-8 1.616667E-8 1.670000E-8 1.643333E-8 1.482333E-7 -1.520667E-9 0.000000E+0 1.025867E-2
1.000000E+2 2.300000E+5 1.500020E+5 2.110020E+5 1.085333E-7 1.072333E-7 2.856667E-8 3.923333E-8 1.703333E-8 1.660000E-8 1.716667E-8 1.693333E-8 1.525667E-7 -1.567667E-9 0.000000E+0 1.027517E-2
1.010000E+2 2.300000E+5 1.510020E+5 2.110020E+5 1.121667E-7 1.107667E-7 2.960000E-8 4.076667E-8 1.766667E-8 1.713333E-8 1.773333E-8 1.743333E-8 1.577667E-7 -1.613667E-9 0.000000E+0 1.022816E-2
1.020000E+2 2.300000E+5 1.519980E+5 2.110020E+5 1.131000E-7 1.117667E-7 2.980000E-8 4.103333E-8 1.780000E-8 1.730000E-8 1.793333E-8 1.753333E-8 1.590333E-7 -1.632333E-9 0.000000E+0 1.026410E-2
1.030000E+2 2.300000E+5 1.530000E+5 2.110020E+5 1.052333E-7 1.039333E-7 2.780000E-8 3.830000E-8 1.646667E-8 1.610000E-8 1.660000E-8 1.640000E-8 1.481333E-7 -1.527333E-9 0.000000E+0 1.031041E-2
1.040000E+2 2.300000E+5 1.540020E+5 2.110020E+5 1.055667E-7 1.042667E-7 2.786667E-8 3.836667E-8 1.653333E-8 1.616667E-8 1.666667E-8 1.643333E-8 1.485333E-7 -1.527333E-9 0.000000E+0 1.028260E-2
1.050000E+2 2.300000E+5 1.550020E+5 2.110020E+5 1.108333E-7 1.095000E-7 2.920000E-8 4.023333E-8 1.740000E-8 1.696667E-8 1.753333E-8 1.723333E-8 1.558667E-7 -1.600000E-9 0.000000E+0 1.026511E-2
1.060000E+2 2.300000E+5 1.559980E+5 2.110020E+5 1.060333E-7 1.048000E-7 2.796667E-8 3.846667E-8 1.660000E-8 1.626667E-8 1.676667E-8 1.653333E-8 1.491000E-7 -1.529333E-9 0.000000E+0 1.025723E-2
1.070000E+2 2.300000E+5 1.570000E+5 2.110020E+5 1.044000E-7 1.031000E-7 2.750000E-8 3.783333E-8 1.633333E-8 1.600000E-8 1.650000E-8 1.630000E-8 1.468000E-7 -1.511000E-9 0.000000E+0 1.029292E-2
1.080000E+2 2.300000E+5 1.580020E+5 2.110020E+5 1.073333E-7 1.060333E-7 2.823333E-8 3.890000E-8 1.680000E-8 1.643333E-8 1.700000E-8 1.673333E-8 1.508667E-7 -1.549000E-9 0.000000E+0 1.026741E-2
1.090000E+2 2.300000E+5 1.590020E+5 2.110020E+5 1.061333E-7 1.049333E-7 2.790000E-8 3.833333E-8 1.660000E-8 1.630000E-8 1.680000E-8 1.653333E-8 1.491000E-7 -1.534333E-9 0.000000E+0 1.029069E-2
1.100000E+2 2.300000E+5 1.599980E+5 2.110020E+5 1.132333E-7 1.120000E-7 2.976667E-8 4.086667E-8 1.780000E-8 1.736667E-8 1.796667E-8 1.756667E-8 1.590333E-7 -1.635333E-9 0.000000E+0 1.028300E-2
1.110000E+2 2.300000E+5 1.610000E+5 2.110020E+5 1.112000E-7 1.099667E-7 2.926667E-8 4.030000E-8 1.743333E-8 1.703333E-8 1.760000E-8 1.730000E-8 1.563667E-7 -1.603333E-9 0.000000E+0 1.025370E-2
1.120000E+2 2.300000E+5 1.620020E+5 2.110020E+5 1.119000E-7 1.106000E-7 2.943333E-8 4.050000E-8 1.756667E-8 1.716667E-8 1.773333E-8 1.736667E-8 1.571667E-7 -1.620667E-9 0.000000E+0 1.031179E-2
1.130000E+2 2.300000E+5 1.630020E+5 2.110020E+5 1.147333E-7 1.134333E-7 3.020000E-8 4.153333E-8 1.810000E-8 1.756667E-8 1.820000E-8 1.780000E-8 1.612000E-7 -1.652667E-9 0.000000E+0 1.025242E-2
1.140000E+2 2.300000E+5 1.639980E+5 2.110020E+5 1.144667E-7 1.130667E-7 3.020000E-8 4.160000E-8 1.806667E-8 1.743333E-8 1.816667E-8 1.773333E-8 1.610000E-7 -1.655667E-9 0.000000E+0 1.028370E-2
1.150000E+2 2.300000E+5 1.650000E+5 2.110020E+5 1.155000E-7 1.141000E-7 3.046667E-8 4.193333E-8 1.823333E-8 1.763333E-8 1.833333E-8 1.786667E-8 1.624000E-7 -1.674000E-9 0.000000E+0 1.030788E-2
1.160000E+2 2.300000E+5 1.660020E+5 2.110020E+5 1.148333E-7 1.134667E-7 3.026667E-8 4.163333E-8 1.816667E-8 1.750000E-8 1.826667E-8 1.776667E-8 1.614333E-7 -1.658000E-9 0.000000E+0 1.027048E-2
1.170000E+2 2.300000E+5 1.670020E+5 2.110020E+5 1.150000E-7 1.135333E-7 3.036667E-8 4.180000E-8 1.816667E-8 1.750000E-8 1.823333E-8 1.780000E-8 1.617667E-7 -1.662333E-9 0.000000E+0 1.027615E-2
1.180000E+2 2.300000E+5 1.679980E+5 2.110020E+5 1.150333E-7 1.136333E-7 3.036667E-8 4.176667E-8 1.816667E-8 1.753333E-8 1.826667E-8 1.780000E-8 1.617333E-7 -1.662333E-9 0.000000E+0 1.027824E-2
1.190000E+2 2.300000E+5 1.690000E+5 2.110020E+5 1.125667E-7 1.111333E-7 2.970000E-8 4.086667E-8 1.770000E-8 1.720000E-8 1.780000E-8 1.750000E-8 1.582667E-7 -1.626000E-9 0.000000E+0 1.027378E-2
1.200000E+2 2.300000E+5 1.700020E+5 2.110020E+5 3.980000E-8 3.523333E-8 1.390000E-8 2.140000E-8 6.700000E-9 4.000000E-9 4.266667E-9 6.800000E-9 6.150000E-8 -6.193333E-10 0.000000E+0 9.600529E-3
1.210000E+2 2.300000E+5 1.710020E+5 2.110020E+5 1.146333E-7 1.131667E-7 3.033333E-8 4.183333E-8 1.813333E-8 1.736667E-8 1.816667E-8 1.776667E-8 1.614000E-7 -1.657667E-9 0.000000E+0 1.027030E-2
1.220000E+2 2.300000E+5 1.719980E+5 2.110020E+5 1.160667E-7 1.147000E-7 3.060000E-8 4.206667E-8 1.826667E-8 1.776667E-8 1.843333E-8 1.803333E-8 1.631000E-7 -1.674333E-9 0.000000E+0 1.026572E-2
1.230000E+2 2.300000E+5 1.730000E+5 2.110020E+5 1.166333E-7 1.152000E-7 3.073333E-8 4.230000E-8 1.840000E-8 1.780000E-8 1.850000E-8 1.810000E-8 1.639667E-7 -1.680333E-9 0.000000E+0 1.024802E-2
1.240000E+2 2.300000E+5 1.740020E+5 2.110020E+5 1.166667E-7 1.153667E-7 3.073333E-8 4.220000E-8 1.836667E-8 1.783333E-8 1.856667E-8 1.810000E-8 1.640667E-7 -1.682333E-9 0.000000E+0 1.025399E-2
1.250000E+2 2.300000E+5 1.750020E+5 2.110020E+5 1.150333E-7 1.136333E-7 3.036667E-8 4.180000E-8 1.810000E-8 1.756667E-8 1.823333E-8 1.786667E-8 1.617667E-7 -1.663000E-9 0.000000E+0 1.028021E-2
1.260000E+2 2.300000E+5 1.759980E+5 2.110020E+5 1.139333E-7 1.125667E-7 3.003333E-8 4.140000E-8 1.790000E-8 1.740000E-8 1.800000E-8 1.776667E-8 1.602333E-7 -1.643667E-9 0.000000E+0 1.025796E-2
1.270000E+2 2.300000E+5 1.770000E+5 2.110020E+5 1.127667E-7 1.115333E-7 2.963333E-8 4.073333E-8 1.763333E-8 1.733333E-8 1.793333E-8 1.756667E-8 1.584000E-7 -1.621000E-9 0.000000E+0 1.023343E-2
1.280000E+2 2.300000E+5 1.780020E+5 2.110020E+5 1.175000E-7 1.161000E-7 3.093333E-8 4.253333E-8 1.850000E-8 1.790000E-8 1.870000E-8 1.820000E-8 1.651000E-7 -1.691667E-9 0.000000E+0 1.024632E-2
1.290000E+2 2.300000E+5 1.790020E+5 2.110020E+5 1.090667E-7 1.065000E-7 2.680000E-8 3.353333E-8 1.580000E-8 1.666667E-8 1.736667E-8 1.550000E-8 1.525333E-7 -1.563667E-9 0.000000E+0 1.025087E-2
1.300000E+2 2.300000E+5 1.799980E+5 2.110020E+5 1.061000E-7 1.048667E-7 2.796667E-8 3.843333E-8 1.663333E-8 1.623333E-8 1.676667E-8 1.650000E-8 1.491667E-7 -1.527667E-9 0.000000E+0 1.024131E-2
1.310000E+2 2.300000E+5 1.810000E+5 2.110020E+5 9.796667E-8 9.333333E-8 2.823333E-8 3.890000E-8 1.583333E-8 1.343333E-8 1.386667E-8 1.583333E-8 1.426000E-7 -1.446000E-9 0.000000E+0 1.012424E-2
1.320000E+2 2.300000E+5 1.820020E+5 2.110020E+5 1.072333E-7 1.059333E-7 2.830000E-8 3.893333E-8 1.680000E-8 1.643333E-8 1.693333E-8 1.670000E-8 1.508000E-7 -1.548667E-9 0.000000E+0 1.026966E-2
1.330000E+2 2.300000E+5 1.830020E+5 2.110020E+5 1.081000E-7 1.067333E-7 2.860000E-8 3.946667E-8 1.693333E-8 1.650000E-8 1.706667E-8 1.683333E-8 1.521667E-7 -1.551000E-9 0.000000E+0 1.019241E-2
1.340000E+2 2.300000E+5 1.839980E+5 2.110020E+5 1.113667E-7 1.101333E-7 2.930000E-8 4.026667E-8 1.750000E-8 1.710000E-8 1.763333E-8 1.730000E-8 1.565333E-7 -1.603000E-9 0.000000E+0 1.024061E-2
1.350000E+2 2.300000E+5 1.850000E+5 2.110020E+5 1.057333E-7 1.045333E-7 2.780000E-8 3.826667E-8 1.656667E-8 1.620000E-8 1.673333E-8 1.643333E-8 1.486333E-7 -1.520667E-9 0.000000E+0 1.023111E-2
1.360000E+2 2.300000E+5 1.860020E+5 2.110020E+5 1.057667E-7 1.044667E-7 2.790000E-8 3.840000E-8 1.656667E-8 1.620000E-8 1.670000E-8 1.646667E-8 1.488000E-7 -1.528667E-9 0.000000E+0 1.027317E-2
1.370000E+2 2.300000E+5 1.870020E+5 2.110020E+5 1.049667E-7 1.037000E-7 2.763333E-8 3.803333E-8 1.650000E-8 1.600000E-8 1.660000E-8 1.630000E-8 1.475667E-7 -1.507333E-9 0.000000E+0 1.021460E-2
1.380000E+2 2.300000E+5 1.879980E+5 2.110020E+5 1.065333E-7 1.052667E-7 2.803333E-8 3.853333E-8 1.673333E-8 1.630000E-8 1.686667E-8 1.656667E-8 1.497000E-7 -1.533000E-9 0.000000E+0 1.024036E-2
1.390000E+2 2.300000E+5 1.890000E+5 2.110020E+5 1.085333E-7 1.072000E-7 2.863333E-8 3.936667E-8 1.703333E-8 1.656667E-8 1.716667E-8 1.690000E-8 1.526333E-7 -1.561333E-9 0.000000E+0 1.022944E-2
1.400000E+2 2.300000E+5 1.900020E+5 2.110020E+5 1.123667E-7 1.109667E-7 2.966667E-8 4.090000E-8 1.766667E-8 1.713333E-8 1.773333E-8 1.746667E-8 1.581333E-7 -1.614000E-9 0.000000E+0 1.020645E-2
1.410000E+2 2.300000E+5 1.910020E+5 2.110020E+5 1.136333E-7 1.123333E-7 2.993333E-8 4.116667E-8 1.790000E-8 1.740000E-8 1.800000E-8 1.763333E-8 1.597667E-7 -1.635000E-9 0.000000E+0 1.023354E-2
1.420000E+2 2.300000E+5 1.919980E+5 2.110020E+5 1.057667E-7 1.045667E-7 2.786667E-8 3.836667E-8 1.660000E-8 1.620000E-8 1.673333E-8 1.650000E-8 1.487667E-7 -1.519667E-9 0.000000E+0 1.021508E-2
1.430000E+2 2.300000E+5 1.930000E+5 2.110020E+5 1.055667E-7 1.043000E-7 2.783333E-8 3.833333E-8 1.653333E-8 1.613333E-8 1.670000E-8 1.643333E-8 1.485000E-7 -1.516000E-9 0.000000E+0 1.020872E-2
1.440000E+2 2.300000E+5 1.940020E+5 2.110020E+5 1.064333E-7 1.052333E-7 2.803333E-8 3.850000E-8 1.670000E-8 1.630000E-8 1.683333E-8 1.653333E-8 1.496333E-7 -1.521333E-9 0.000000E+0 1.016701E-2
1.450000E+2 2.300000E+5 1.950020E+5 2.110020E+5 1.112667E-7 1.099667E-7 2.923333E-8 4.016667E-8 1.746667E-8 1.706667E-8 1.763333E-8 1.730000E-8 1.562667E-7 -1.604667E-9 0.000000E+0 1.026852E-2
1.460000E+2 2.300000E+5 1.959980E+5 2.110020E+5 1.134667E-7 1.120333E-7 2.993333E-8 4.123333E-8 1.786667E-8 1.733333E-8 1.793333E-8 1.763333E-8 1.595333E-7 -1.626000E-9 0.000000E+0 1.019235E-2
1.470000E+2 2.300000E+5 1.970000E+5 2.110020E+5 1.127667E-7 1.115333E-7 2.963333E-8 4.073333E-8 1.770000E-8 1.733333E-8 1.790000E-8 1.750000E-8 1.583333E-7 -1.619000E-9 0.000000E+0 1.022520E-2
1.480000E+2 2.300000E+5 1.980020E+5 2.110020E+5 1.165333E-7 1.152000E-7 3.060000E-8 4.210000E-8 1.833333E-8 1.786667E-8 1.853333E-8 1.803333E-8 1.636667E-7 -1.673333E-9 0.000000E+0 1.022409E-2
1.490000E+2 2.300000E+5 1.990020E+5 2.110020E+5 1.145667E-7 1.131333E-7 3.026667E-8 4.166667E-8 1.803333E-8 1.750000E-8 1.806667E-8 1.780000E-8 1.611333E-7 -1.638667E-9 0.000000E+0 1.016955E-2
1.500000E+2 2.300000E+5 1.999980E+5 2.110020E+5 1.093000E-7 1.078667E-7 2.900000E-8 4.000000E-8 1.720000E-8 1.666667E-8 1.720000E-8 1.703333E-8 1.540333E-7 -1.565333E-9 0.000000E+0 1.016233E-2
1.510000E+2 2.300000E+5 2.010000E+5 2.110020E+5 1.060333E-7 1.047333E-7 2.793333E-8 3.843333E-8 1.660000E-8 1.623333E-8 1.680000E-8 1.650000E-8 1.491000E-7 -1.518000E-9 0.000000E+0 1.018110E-2
1.520000E+2 2.300000E+5 2.020020E+5 2.110020E+5 1.092333E-7 1.079000E-7 2.880000E-8 3.970000E-8 1.713333E-8 1.670000E-8 1.723333E-8 1.696667E-8 1.536667E-7 -1.573667E-9 0.000000E+0 1.024108E-2
1.530000E+2 2.300000E+5 2.030020E+5 2.110020E+5 1.057000E-7 1.043667E-7 2.793333E-8 3.846667E-8 1.656667E-8 1.613333E-8 1.670000E-8 1.646667E-8 1.487000E-7 -1.515667E-9 0.000000E+0 1.019287E-2
1.540000E+2 2.300000E+5 2.039980E+5 2.110020E+5 1.056667E-7 1.043667E-7 2.786667E-8 3.830000E-8 1.660000E-8 1.613333E-8 1.673333E-8 1.643333E-8 1.486000E-7 -1.516000E-9 0.000000E+0 1.020188E-2
1.550000E+2 2.300000E+5 2.050000E+5 2.110020E+5 1.055333E-7 1.042667E-7 2.780000E-8 3.823333E-8 1.656667E-8 1.610000E-8 1.670000E-8 1.640000E-8 1.483667E-7 -1.511667E-9 0.000000E+0 1.018872E-2
1.560000E+2 2.300000E+5 2.060020E+5 2.110020E+5 1.058667E-7 1.046000E-7 2.790000E-8 3.840000E-8 1.663333E-8 1.616667E-8 1.673333E-8 1.646667E-8 1.489000E-7 -1.522000E-9 0.000000E+0 1.022163E-2
1.570000E+2 2.300000E+5 2.070020E+5 2.110020E+5 1.059000E-7 1.046667E-7 2.790000E-8 3.833333E-8 1.663333E-8 1.616667E-8 1.676667E-8 1.643333E-8 1.488333E-7 -1.516000E-9 0.000000E+0 1.018590E-2
1.580000E+2 2.300000E+5 2.079980E+5 2.110020E+5 1.064667E-7 1.052333E-7 2.803333E-8 3.856667E-8 1.670000E-8 1.626667E-8 1.686667E-8 1.653333E-8 1.496667E-7 -1.521667E-9 0.000000E+0 1.016701E-2
1.590000E+2 2.300000E+5 2.090000E+5 2.110020E+5 1.069667E-7 1.057000E-7 2.820000E-8 3.880000E-8 1.676667E-8 1.636667E-8 1.696667E-8 1.663333E-8 1.504667E-7 -1.531667E-9 0.000000E+0 1.017947E-2
1.600000E+2 2.300000E+5 2.100020E+5 2.110020E+5 1.063000E-7 1.050667E-7 2.800000E-8 3.853333E-8 1.670000E-8 1.623333E-8 1.683333E-8 1.653333E-8 1.494667E-7 -1.519333E-9 0.000000E+0 1.016499E-2
1.610000E+2 2.300000E+5 2.110020E+5 2.110020E+5 1.064000E-7 1.051000E-7 2.806667E-8 3.866667E-8 1.673333E-8 1.626667E-8 1.680000E-8 1.653333E-8 1.495667E-7 -1.528667E-9 0.000000E+0 1.022052E-2
1.620000E+2 2.300000E+5 2.119980E+5 2.110020E+5 1.056667E-7 1.044333E-7 2.783333E-8 3.823333E-8 1.663333E-8 1.613333E-8 1.673333E-8 1.640000E-8 1.485333E-7 -1.513333E-9 0.000000E+0 1.018846E-2
1.630000E+2 2.300000E+5 2.130000E+5 2.110020E+5 1.054000E-7 1.041000E-7 2.776667E-8 3.820000E-8 1.660000E-8 1.610000E-8 1.670000E-8 1.636667E-8 1.481667E-7 -1.513667E-9 0.000000E+0 1.021597E-2
1.640000E+2 2.300000E+5 2.140020E+5 2.110020E+5 1.075000E-7 1.063000E-7 2.823333E-8 3.883333E-8 1.686667E-8 1.646667E-8 1.703333E-8 1.666667E-8 1.510000E-7 -1.544333E-9 0.000000E+0 1.022741E-2
1.650000E+2 2.300000E+5 2.150020E+5 2.110020E+5 1.116000E-7 1.102333E-7 2.943333E-8 4.046667E-8 1.753333E-8 1.706667E-8 1.760000E-8 1.733333E-8 1.569000E-7 -1.603667E-9 0.000000E+0 1.022098E-2
1.660000E+2 2.300000E+5 2.159980E+5 2.110020E+5 1.144667E-7 1.131000E-7 3.016667E-8 4.156667E-8 1.803333E-8 1.750000E-8 1.810000E-8 1.776667E-8 1.609333E-7 -1.637667E-9 0.000000E+0 1.017597E-2
1.670000E+2 2.300000E+5 2.170000E+5 2.110020E+5 1.103000E-7 1.090000E-7 2.906667E-8 4.000000E-8 1.733333E-8 1.690000E-8 1.746667E-8 1.713333E-8 1.550333E-7 -1.572667E-9 0.000000E+0 1.014411E-2
1.680000E+2 2.300000E+5 2.180020E+5 2.110020E+5 1.098667E-7 1.085333E-7 2.893333E-8 3.983333E-8 1.723333E-8 1.683333E-8 1.736667E-8 1.710000E-8 1.544667E-7 -1.570000E-9 0.000000E+0 1.016398E-2
1.690000E+2 2.300000E+5 2.190020E+5 2.110020E+5 1.094000E-7 1.082000E-7 2.876667E-8 3.953333E-8 1.716667E-8 1.676667E-8 1.736667E-8 1.696667E-8 1.537333E-7 -1.562000E-9 0.000000E+0 1.016029E-2
1.700000E+2 2.300000E+5 2.199980E+5 2.110020E+5 1.070333E-7 1.057667E-7 2.826667E-8 3.890000E-8 1.680000E-8 1.636667E-8 1.690000E-8 1.666667E-8 1.506333E-7 -1.530000E-9 0.000000E+0 1.015714E-2
1.710000E+2 2.300000E+5 2.210000E+5 2.110020E+5 1.075333E-7 1.062333E-7 2.833333E-8 3.893333E-8 1.683333E-8 1.646667E-8 1.703333E-8 1.673333E-8 1.511000E-7 -1.537667E-9 0.000000E+0 1.017647E-2
1.720000E+2 2.300000E+5 2.220020E+5 2.110020E+5 1.121667E-7 1.109333E-7 2.950000E-8 4.056667E-8 1.763333E-8 1.720000E-8 1.780000E-8 1.743333E-8 1.576000E-7 -1.602333E-9 0.000000E+0 1.016704E-2
1.730000E+2 2.300000E+5 2.230020E+5 2.110020E+5 1.121000E-7 1.106667E-7 2.963333E-8 4.083333E-8 1.763333E-8 1.710000E-8 1.770000E-8 1.743333E-8 1.577667E-7 -1.604000E-9 0.000000E+0 1.016681E-2
1.740000E+2 2.300000E+5 2.239980E+5 2.110020E+5 1.154000E-7 1.140000E-7 3.040000E-8 4.183333E-8 1.816667E-8 1.763333E-8 1.826667E-8 1.786667E-8 1.621667E-7 -1.647000E-9 0.000000E+0 1.015620E-2
1.750000E+2 2.300000E+5 2.250000E+5 2.110020E+5 1.121667E-7 1.108333E-7 2.960000E-8 4.070000E-8 1.763333E-8 1.716667E-8 1.776667E-8 1.743333E-8 1.577333E-7 -1.607000E-9 0.000000E+0 1.018804E-2
1.760000E+2 2.300000E+5 2.260020E+5 2.110020E+5 1.109667E-7 1.097000E-7 2.920000E-8 4.010000E-8 1.743333E-8 1.700000E-8 1.760000E-8 1.720000E-8 1.559000E-7 -1.588000E-9 0.000000E+0 1.018599E-2
1.770000E+2 2.300000E+5 2.270020E+5 2.110020E+5 1.121333E-7 1.107333E-7 2.963333E-8 4.090000E-8 1.763333E-8 1.713333E-8 1.770000E-8 1.743333E-8 1.578000E-7 -1.608667E-9 0.000000E+0 1.019455E-2
1.780000E+2 2.300000E+5 2.279980E+5 2.110020E+5 1.125000E-7 1.111667E-7 2.963333E-8 4.080000E-8 1.766667E-8 1.723333E-8 1.780000E-8 1.746667E-8 1.581333E-7 -1.607667E-9 0.000000E+0 1.016653E-2
1.790000E+2 2.300000E+5 2.290000E+5 2.110020E+5 1.177667E-7 1.164333E-7 3.096667E-8 4.256667E-8 1.860000E-8 1.806667E-8 1.866667E-8 1.820000E-8 1.655000E-7 -1.676667E-9 0.000000E+0 1.013094E-2
1.800000E+2 2.300000E+5 2.300020E+5 2.110020E+5 1.170667E-7 1.155667E-7 3.093333E-8 4.260000E-8 1.850000E-8 1.783333E-8 1.850000E-8 1.813333E-8 1.647000E-7 -1.683667E-9 0.000000E+0 1.022248E-2
1.810000E+2 2.300000E+5 2.310020E+5 2.110020E+5 1.159333E-7 1.145333E-7 3.056667E-8 4.206667E-8 1.823333E-8 1.773333E-8 1.833333E-8 1.800000E-8 1.630333E-7 -1.661333E-9 0.000000E+0 1.019015E-2
1.820000E+2 2.300000E+5 2.319980E+5 2.110020E+5 1.085333E-7 1.072000E-7 2.863333E-8 3.940000E-8 1.703333E-8 1.656667E-8 1.716667E-8 1.686667E-8 1.526333E-7 -1.549333E-9 0.000000E+0 1.015058E-2
1.830000E+2 2.300000E+5 2.330000E+5 2.110020E+5 1.087000E-7 1.073667E-7 2.866667E-8 3.946667E-8 1.703333E-8 1.663333E-8 1.713333E-8 1.693333E-8 1.529000E-7 -1.559667E-9 0.000000E+0 1.020047E-2
1.840000E+2 2.300000E+5 2.340020E+5 2.110020E+5 1.066000E-7 1.053000E-7 2.813333E-8 3.870000E-8 1.673333E-8 1.630000E-8 1.686667E-8 1.660000E-8 1.499333E-7 -1.523667E-9 0.000000E+0 1.016230E-2
1.850000E+2 2.300000E+5 2.350020E+5 2.110020E+5 1.095000E-7 1.083000E-7 2.876667E-8 3.946667E-8 1.720000E-8 1.680000E-8 1.736667E-8 1.700000E-8 1.537333E-7 -1.567333E-9 0.000000E+0 1.019539E-2
1.860000E+2 2.300000E+5 2.359980E+5 2.110020E+5 1.081667E-7 1.068667E-7 2.853333E-8 3.926667E-8 1.700000E-8 1.653333E-8 1.710000E-8 1.680000E-8 1.521333E-7 -1.546333E-9 0.000000E+0 1.016438E-2
1.870000E+2 2.300000E+5 2.370000E+5 2.110020E+5 1.086333E-7 1.073667E-7 2.860000E-8 3.936667E-8 1.706667E-8 1.660000E-8 1.716667E-8 1.686667E-8 1.527667E-7 -1.557333E-9 0.000000E+0 1.019426E-2
1.880000E+2 2.300000E+5 2.380020E+5 2.110020E+5 1.089667E-7 1.076333E-7 2.870000E-8 3.953333E-8 1.710000E-8 1.666667E-8 1.723333E-8 1.693333E-8 1.531667E-7 -1.565000E-9 0.000000E+0 1.021767E-2
1.890000E+2 2.300000E+5 2.390020E+5 2.110020E+5 1.094000E-7 1.080667E-7 2.886667E-8 3.976667E-8 1.720000E-8 1.673333E-8 1.726667E-8 1.700000E-8 1.538333E-7 -1.569667E-9 0.000000E+0 1.020368E-2
1.900000E+2 2.300000E+5 2.399980E+5 2.110020E+5 1.078333E-7 1.066000E-7 2.840000E-8 3.906667E-8 1.693333E-8 1.650000E-8 1.706667E-8 1.676667E-8 1.516333E-7 -1.545333E-9 0.000000E+0 1.019116E-2
1.910000E+2 2.300000E+5 2.410000E+5 2.110020E+5 1.077000E-7 1.064667E-7 2.833333E-8 3.893333E-8 1.690000E-8 1.650000E-8 1.710000E-8 1.673333E-8 1.513667E-7 -1.543333E-9 0.000000E+0 1.019581E-2
1.920000E+2 2.300000E+5 2.420020E+5 2.110020E+5 1.097333E-7 1.085000E-7 2.890000E-8 3.973333E-8 1.726667E-8 1.680000E-8 1.740000E-8 1.706667E-8 1.542333E-7 -1.575000E-9 0.000000E+0 1.021190E-2
1.930000E+2 2.300000E+5 2.430020E+5 2.110020E+5 1.092667E-7 1.079667E-7 2.876667E-8 3.960000E-8 1.713333E-8 1.676667E-8 1.726667E-8 1.700000E-8 1.536000E-7 -1.571000E-9 0.000000E+0 1.022784E-2
1.940000E+2 2.300000E+5 2.439980E+5 2.110020E+5 1.094667E-7 1.081000E-7 2.890000E-8 3.976667E-8 1.720000E-8 1.670000E-8 1.730000E-8 1.700000E-8 1.539667E-7 -1.572000E-9 0.000000E+0 1.020999E-2
1.950000E+2 2.300000E+5 2.450000E+5 2.110020E+5 1.075333E-7 1.062667E-7 2.833333E-8 3.896667E-8 1.690000E-8 1.646667E-8 1.700000E-8 1.670000E-8 1.512000E-7 -1.551000E-9 0.000000E+0 1.025793E-2
1.960000E+2 2.300000E+5 2.460020E+5 2.110020E+5 1.136667E-7 1.124667E-7 2.976667E-8 4.080000E-8 1.786667E-8 1.746667E-8 1.806667E-8 1.760000E-8 1.594667E-7 -1.626000E-9 0.000000E+0 1.019671E-2
1.970000E+2 2.300000E+5 2.470020E+5 2.110020E+5 1.141667E-7 1.125667E-7 3.026667E-8 4.176667E-8 1.803333E-8 1.733333E-8 1.793333E-8 1.776667E-8 1.608000E-7 -1.644333E-9 0.000000E+0 1.022557E-2
1.980000E+2 2.300000E+5 2.479980E+5 2.110020E+5 1.088667E-7 1.077333E-7 2.856667E-8 3.923333E-8 1.706667E-8 1.673333E-8 1.733333E-8 1.686667E-8 1.528333E-7 -1.559667E-9 0.000000E+0 1.020489E-2
1.990000E+2 2.300000E+5 2.490000E+5 2.110020E+5 1.097000E-7 1.084333E-7 2.890000E-8 3.976667E-8 1.723333E-8 1.680000E-8 1.740000E-8 1.706667E-8 1.542000E-7 -1.573000E-9 0.000000E+0 1.020098E-2
2.000000E+2 2.300000E+5 2.500020E+5 2.110020E+5 1.086667E-7 1.073000E-7 2.873333E-8 3.956667E-8 1.706667E-8 1.660000E-8 1.713333E-8 1.690000E-8 1.529333E-7 -1.562667E-9 0.000000E+0 1.021809E-2
2.010000E+2 2.300000E+5 2.510020E+5 2.110020E+5 1.092333E-7 1.080667E-7 2.873333E-8 3.946667E-8 1.716667E-8 1.673333E-8 1.733333E-8 1.696667E-8 1.535333E-7 -1.565333E-9 0.000000E+0 1.019544E-2
2.020000E+2 2.300000E+5 2.519980E+5 2.110020E+5 1.078000E-7 1.064667E-7 2.843333E-8 3.916667E-8 1.693333E-8 1.646667E-8 1.703333E-8 1.680000E-8 1.516667E-7 -1.552667E-9 0.000000E+0 1.023737E-2
2.030000E+2 2.300000E+5 2.530000E+5 2.110020E+5 1.108333E-7 1.093667E-7 2.930000E-8 4.033333E-8 1.743333E-8 1.686667E-8 1.746667E-8 1.723333E-8 1.559333E-7 -1.594000E-9 0.000000E+0 1.022233E-2
2.040000E+2 2.300000E+5 2.540020E+5 2.110020E+5 1.087333E-7 1.075000E-7 2.856667E-8 3.926667E-8 1.706667E-8 1.666667E-8 1.723333E-8 1.690000E-8 1.527333E-7 -1.563000E-9 0.000000E+0 1.023360E-2
2.050000E+2 2.300000E+5 2.550020E+5 2.110020E+5 1.082667E-7 1.069667E-7 2.853333E-8 3.926667E-8 1.700000E-8 1.656667E-8 1.713333E-8 1.680000E-8 1.522000E-7 -1.563667E-9 0.000000E+0 1.027370E-2
2.060000E+2 2.300000E+5 2.559980E+5 2.110020E+5 1.083333E-7 1.071000E-7 2.846667E-8 3.910000E-8 1.700000E-8 1.660000E-8 1.716667E-8 1.680000E-8 1.521667E-7 -1.554667E-9 0.000000E+0 1.021711E-2
2.070000E+2 2.300000E+5 2.570000E+5 2.110020E+5 1.085000E-7 1.072333E-7 2.856667E-8 3.930000E-8 1.703333E-8 1.660000E-8 1.716667E-8 1.686667E-8 1.525000E-7 -1.564667E-9 0.000000E+0 1.026019E-2
2.080000E+2 2.300000E+5 2.580020E+5 2.110020E+5 1.081333E-7 1.068667E-7 2.850000E-8 3.920000E-8 1.700000E-8 1.653333E-8 1.710000E-8 1.680000E-8 1.520667E-7 -1.555667E-9 0.000000E+0 1.023016E-2
2.090000E+2 2.300000E+5 2.590020E+5 2.110020E+5 1.087000E-7 1.074333E-7 2.860000E-8 3.936667E-8 1.706667E-8 1.666667E-8 1.720000E-8 1.686667E-8 1.528333E-7 -1.569000E-9 0.000000E+0 1.026607E-2
2.100000E+2 2.300000E+5 2.599980E+5 2.110020E+5 1.077333E-7 1.065000E-7 2.833333E-8 3.893333E-8 1.693333E-8 1.650000E-8 1.706667E-8 1.673333E-8 1.514333E-7 -1.550000E-9 0.000000E+0 1.023560E-2
2.110000E+2 2.300000E+5 2.610000E+5 2.110020E+5 1.073333E-7 1.060667E-7 2.833333E-8 3.903333E-8 1.686667E-8 1.640000E-8 1.696667E-8 1.670000E-8 1.510000E-7 -1.547667E-9 0.000000E+0 1.024947E-2
2.120000E+2 2.300000E+5 2.620020E+5 2.110020E+5 1.071667E-7 1.058667E-7 2.820000E-8 3.880000E-8 1.683333E-8 1.636667E-8 1.696667E-8 1.663333E-8 1.506333E-7 -1.553333E-9 0.000000E+0 1.031196E-2
2.130000E+2 2.300000E+5 2.630020E+5 2.110020E+5 1.088000E-7 1.076333E-7 2.860000E-8 3.923333E-8 1.706667E-8 1.670000E-8 1.730000E-8 1.690000E-8 1.528333E-7 -1.563333E-9 0.000000E+0 1.022895E-2
2.140000E+2 2.300000E+5 2.639980E+5 2.110020E+5 1.101333E-7 1.089667E-7 2.890000E-8 3.963333E-8 1.730000E-8 1.690000E-8 1.750000E-8 1.710000E-8 1.546333E-7 -1.580667E-9 0.000000E+0 1.022201E-2
2.150000E+2 2.300000E+5 2.650000E+5 2.110020E+5 1.142000E-7 1.129667E-7 3.003333E-8 4.123333E-8 1.796667E-8 1.753333E-8 1.813333E-8 1.773333E-8 1.604000E-7 -1.648333E-9 0.000000E+0 1.027627E-2
2.160000E+2 2.300000E+5 2.660020E+5 2.110020E+5 1.128000E-7 1.113333E-7 2.983333E-8 4.106667E-8 1.776667E-8 1.720000E-8 1.780000E-8 1.753333E-8 1.587667E-7 -1.629333E-9 0.000000E+0 1.026255E-2
2.170000E+2 2.300000E+5 2.670020E+5 2.110020E+5 1.085000E-7 1.072667E-7 2.853333E-8 3.923333E-8 1.706667E-8 1.663333E-8 1.720000E-8 1.686667E-8 1.524333E-7 -1.560667E-9 0.000000E+0 1.023832E-2
2.180000E+2 2.300000E+5 2.679980E+5 2.110020E+5 1.110000E-7 1.098333E-7 2.913333E-8 3.996667E-8 1.743333E-8 1.703333E-8 1.763333E-8 1.720000E-8 1.558667E-7 -1.598000E-9 0.000000E+0 1.025249E-2
2.190000E+2 2.300000E+5 2.690000E+5 2.110020E+5 1.138000E-7 1.122333E-7 3.013333E-8 4.160000E-8 1.793333E-8 1.733333E-8 1.790000E-8 1.766667E-8 1.602000E-7 -1.638333E-9 0.000000E+0 1.022702E-2
2.200000E+2 2.300000E+5 2.700020E+5 2.110020E+5 1.163000E-7 1.148667E-7 3.076667E-8 4.236667E-8 1.833333E-8 1.776667E-8 1.836667E-8 1.806667E-8 1.637000E-7 -1.673667E-9 0.000000E+0 1.022401E-2
2.210000E+2 2.300000E+5 2.710020E+5 2.110020E+5 1.102000E-7 1.088667E-7 2.906667E-8 4.000000E-8 1.730000E-8 1.686667E-8 1.743333E-8 1.713333E-8 1.549667E-7 -1.594333E-9 0.000000E+0 1.028818E-2
2.220000E+2 2.300000E+5 2.719980E+5 2.110020E+5 1.101667E-7 1.089667E-7 2.893333E-8 3.973333E-8 1.726667E-8 1.693333E-8 1.750000E-8 1.710000E-8 1.546667E-7 -1.588000E-9 0.000000E+0 1.026738E-2
2.230000E+2 2.300000E+5 2.730000E+5 2.110020E+5 1.072667E-7 1.059667E-7 2.823333E-8 3.886667E-8 1.680000E-8 1.640000E-8 1.700000E-8 1.666667E-8 1.507667E-7 -1.552000E-9 0.000000E+0 1.029405E-2
2.240000E+2 2.300000E+5 2.740020E+5 2.110020E+5 1.069333E-7 1.056333E-7 2.816667E-8 3.873333E-8 1.676667E-8 1.633333E-8 1.690000E-8 1.660000E-8 1.503333E-7 -1.543000E-9 0.000000E+0 1.026386E-2
2.250000E+2 2.300000E+5 2.750020E+5 2.110020E+5 1.092333E-7 1.080333E-7 2.870000E-8 3.943333E-8 1.716667E-8 1.676667E-8 1.733333E-8 1.696667E-8 1.534667E-7 -1.578333E-9 0.000000E+0 1.028516E-2
2.260000E+2 2.300000E+5 2.759980E+5 2.110020E+5 1.090000E-7 1.077333E-7 2.870000E-8 3.943333E-8 1.713333E-8 1.670000E-8 1.726667E-8 1.693333E-8 1.532333E-7 -1.566667E-9 0.000000E+0 1.022408E-2
2.270000E+2 2.300000E+5 2.770000E+5 2.110020E+5 1.110333E-7 1.097000E-7 2.930000E-8 4.026667E-8 1.743333E-8 1.696667E-8 1.753333E-8 1.723333E-8 1.561667E-7 -1.607333E-9 0.000000E+0 1.029236E-2
2.280000E+2 2.300000E+5 2.780020E+5 2.110020E+5 1.098333E-7 1.085000E-7 2.896667E-8 3.986667E-8 1.726667E-8 1.676667E-8 1.736667E-8 1.706667E-8 1.545000E-7 -1.581667E-9 0.000000E+0 1.023728E-2
2.290000E+2 2.300000E+5 2.790020E+5 2.110020E+5 1.081667E-7 1.069000E-7 2.843333E-8 3.913333E-8 1.696667E-8 1.656667E-8 1.713333E-8 1.683333E-8 1.520000E-7 -1.554000E-9 0.000000E+0 1.022365E-2
2.300000E+2 2.300000E+5 2.799980E+5 2.110020E+5 1.099000E-7 1.086667E-7 2.893333E-8 3.976667E-8 1.730000E-8 1.683333E-8 1.743333E-8 1.710000E-8 1.545000E-7 -1.582333E-9 0.000000E+0 1.024172E-2
2.310000E+2 2.300000E+5 2.810000E+5 2.110020E+5 1.079667E-7 1.066667E-7 2.840000E-8 3.910000E-8 1.696667E-8 1.653333E-8 1.710000E-8 1.676667E-8 1.518000E-7 -1.561667E-9 0.000000E+0 1.028770E-2
2.320000E+2 2.300000E+5 2.820020E+5 2.110020E+5 1.078333E-7 1.067000E-7 2.830000E-8 3.893333E-8 1.693333E-8 1.653333E-8 1.713333E-8 1.673333E-8 1.515000E-7 -1.555000E-9 0.000000E+0 1.026377E-2
2.330000E+2 2.300000E+5 2.830020E+5 2.110020E+5 1.056333E-7 1.043333E-7 2.783333E-8 3.830000E-8 1.660000E-8 1.610000E-8 1.673333E-8 1.643333E-8 1.485667E-7 -1.527333E-9 0.000000E+0 1.028045E-2
2.340000E+2 2.300000E+5 2.839980E+5 2.110020E+5 1.065333E-7 1.052667E-7 2.806667E-8 3.860000E-8 1.673333E-8 1.626667E-8 1.690000E-8 1.653333E-8 1.498000E-7 -1.538333E-9 0.000000E+0 1.026929E-2
2.350000E+2 2.300000E+5 2.850000E+5 2.110020E+5 1.060000E-7 1.047333E-7 2.793333E-8 3.843333E-8 1.663333E-8 1.620000E-8 1.680000E-8 1.650000E-8 1.490667E-7 -1.531333E-9 0.000000E+0 1.027280E-2
2.360000E+2 2.300000E+5 2.860020E+5 2.110020E+5 1.064333E-7 1.051333E-7 2.810000E-8 3.866667E-8 1.673333E-8 1.626667E-8 1.683333E-8 1.656667E-8 1.497667E-7 -1.539333E-9 0.000000E+0 1.027832E-2
2.370000E+2 2.300000E+5 2.870020E+5 2.110020E+5 1.074667E-7 1.061667E-7 2.830000E-8 3.890000E-8 1.686667E-8 1.643333E-8 1.700000E-8 1.666667E-8 1.510667E-7 -1.550333E-9 0.000000E+0 1.026256E-2
2.380000E+2 2.300000E+5 2.879980E+5 2.110020E+5 1.071333E-7 1.058667E-7 2.820000E-8 3.876667E-8 1.680000E-8 1.636667E-8 1.700000E-8 1.663333E-8 1.506000E-7 -1.544000E-9 0.000000E+0 1.025229E-2
2.390000E+2 2.300000E+5 2.890000E+5 2.110020E+5 1.067333E-7 1.054333E-7 2.813333E-8 3.876667E-8 1.673333E-8 1.633333E-8 1.686667E-8 1.663333E-8 1.501667E-7 -1.542000E-9 0.000000E+0 1.026859E-2
2.400000E+2 2.300000E+5 2.900020E+5 2.110020E+5 1.073333E-7 1.061667E-7 2.823333E-8 3.880000E-8 1.683333E-8 1.643333E-8 1.700000E-8 1.666667E-8 1.508333E-7 -1.556333E-9 0.000000E+0 1.031833E-2
2.410000E+2 2.300000E+5 2.910020E+5 2.110020E+5 1.099333E-7 1.086000E-7 2.900000E-8 3.983333E-8 1.723333E-8 1.676667E-8 1.736667E-8 1.710000E-8 1.545667E-7 -1.586667E-9 0.000000E+0 1.026532E-2
2.420000E+2 2.300000E+5 2.919980E+5 2.110020E+5 1.083333E-7 1.070333E-7 2.860000E-8 3.940000E-8 1.703333E-8 1.653333E-8 1.713333E-8 1.683333E-8 1.523667E-7 -1.562667E-9 0.000000E+0 1.025596E-2
2.430000E+2 2.300000E+5 2.930000E+5 2.110020E+5 1.078667E-7 1.065333E-7 2.846667E-8 3.920000E-8 1.696667E-8 1.646667E-8 1.703333E-8 1.680000E-8 1.517667E-7 -1.556667E-9 0.000000E+0 1.025688E-2
2.440000E+2 2.300000E+5 2.940020E+5 2.110020E+5 1.070000E-7 1.057667E-7 2.816667E-8 3.876667E-8 1.680000E-8 1.636667E-8 1.696667E-8 1.663333E-8 1.504333E-7 -1.542667E-9 0.000000E+0 1.025490E-2
2.450000E+2 2.300000E+5 2.950020E+5 2.110020E+5 1.066333E-7 1.053667E-7 2.810000E-8 3.863333E-8 1.673333E-8 1.630000E-8 1.686667E-8 1.660000E-8 1.499333E-7 -1.539333E-9 0.000000E+0 1.026680E-2
2.460000E+2 2.300000E+5 2.959980E+5 2.110020E+5 1.061333E-7 1.049000E-7 2.796667E-8 3.846667E-8 1.666667E-8 1.620000E-8 1.683333E-8 1.650000E-8 1.493000E-7 -1.529000E-9 0.000000E+0 1.024112E-2
2.470000E+2 2.300000E+5 2.970000E+5 2.110020E+5 1.064667E-7 1.052333E-7 2.806667E-8 3.856667E-8 1.670000E-8 1.630000E-8 1.690000E-8 1.653333E-8 1.498000E-7 -1.533000E-9 0.000000E+0 1.023364E-2
2.480000E+2 2.300000E+5 2.980020E+5 2.110020E+5 1.070333E-7 1.057333E-7 2.816667E-8 3.873333E-8 1.680000E-8 1.640000E-8 1.696667E-8 1.660000E-8 1.504333E-7 -1.540000E-9 0.000000E+0 1.023708E-2
2.490000E+2 2.300000E+5 2.990020E+5 2.110020E+5 1.058000E-7 1.045667E-7 2.786667E-8 3.836667E-8 1.663333E-8 1.616667E-8 1.676667E-8 1.640000E-8 1.488000E-7 -1.526667E-9 0.000000E+0 1.025986E-2
2.500000E+2 2.300000E+5 2.999980E+5 2.110020E+5 1.058000E-7 1.046000E-7 2.790000E-8 3.840000E-8 1.663333E-8 1.616667E-8 1.680000E-8 1.640000E-8 1.488333E-7 -1.525667E-9 0.000000E+0 1.025085E-2
2.510000E+2 2.300000E+5 3.010000E+5 2.110020E+5 1.061333E-7 1.048667E-7 2.793333E-8 3.846667E-8 1.670000E-8 1.620000E-8 1.683333E-8 1.650000E-8 1.492333E-7 -1.519667E-9 0.000000E+0 1.018319E-2
2.520000E+2 2.300000E+5 3.020020E+5 2.110020E+5 1.065000E-7 1.052000E-7 2.810000E-8 3.860000E-8 1.670000E-8 1.626667E-8 1.686667E-8 1.650000E-8 1.497333E-7 -1.531667E-9 0.000000E+0 1.022929E-2
2.530000E+2 2.300000E+5 3.030020E+5 2.110020E+5 1.070000E-7 1.057000E-7 2.820000E-8 3.880000E-8 1.680000E-8 1.633333E-8 1.693333E-8 1.660000E-8 1.505000E-7 -1.540333E-9 0.000000E+0 1.023485E-2
2.540000E+2 2.300000E+5 3.039980E+5 2.110020E+5 1.062000E-7 1.049333E-7 2.800000E-8 3.853333E-8 1.666667E-8 1.623333E-8 1.683333E-8 1.650000E-8 1.493667E-7 -1.523333E-9 0.000000E+0 1.019864E-2
2.550000E+2 2.300000E+5 3.050000E+5 2.110020E+5 1.069667E-7 1.056333E-7 2.823333E-8 3.886667E-8 1.680000E-8 1.633333E-8 1.693333E-8 1.663333E-8 1.504667E-7 -1.533667E-9 0.000000E+0 1.019292E-2
2.560000E+2 2.300000E+5 3.060020E+5 2.110020E+5 1.062000E-7 1.049333E-7 2.800000E-8 3.850000E-8 1.670000E-8 1.620000E-8 1.683333E-8 1.650000E-8 1.493333E-7 -1.520667E-9 0.000000E+0 1.018305E-2
2.570000E+2 2.300000E+5 3.070020E+5 2.110020E+5 1.062000E-7 1.049333E-7 2.800000E-8 3.853333E-8 1.666667E-8 1.616667E-8 1.686667E-8 1.650000E-8 1.494000E-7 -1.520000E-9 0.000000E+0 1.017401E-2
2.580000E+2 2.300000E+5 3.079980E+5 2.110020E+5 1.059333E-7 1.046667E-7 2.790000E-8 3.840000E-8 1.666667E-8 1.616667E-8 1.680000E-8 1.640000E-8 1.489333E-7 -1.512333E-9 0.000000E+0 1.015444E-2
2.590000E+2 2.300000E+5 3.090000E+5 2.110020E+5 1.062333E-7 1.050000E-7 2.800000E-8 3.853333E-8 1.670000E-8 1.620000E-8 1.683333E-8 1.650000E-8 1.494333E-7 -1.515000E-9 0.000000E+0 1.013831E-2
2.600000E+2 2.300000E+5 3.100020E+5 2.110020E+5 1.062667E-7 1.050000E-7 2.800000E-8 3.853333E-8 1.670000E-8 1.623333E-8 1.683333E-8 1.650000E-8 1.494000E-7 -1.518000E-9 0.000000E+0 1.016061E-2
2.610000E+2 2.300000E+5 3.110020E+5 2.110020E+5 1.059333E-7 1.046333E-7 2.790000E-8 3.843333E-8 1.663333E-8 1.613333E-8 1.680000E-8 1.646667E-8 1.489667E-7 -1.510667E-9 0.000000E+0 1.014095E-2
2.620000E+2 2.300000E+5 3.119980E+5 2.110020E+5 1.077000E-7 1.064000E-7 2.836667E-8 3.900000E-8 1.693333E-8 1.646667E-8 1.706667E-8 1.673333E-8 1.514333E-7 -1.536333E-9 0.000000E+0 1.014519E-2
2.630000E+2 2.300000E+5 3.130000E+5 2.110020E+5 1.145667E-7 1.133333E-7 3.006667E-8 4.126667E-8 1.803333E-8 1.763333E-8 1.823333E-8 1.776667E-8 1.608000E-7 -1.631667E-9 0.000000E+0 1.014693E-2
2.640000E+2 2.300000E+5 3.140020E+5 2.110020E+5 1.117000E-7 1.105667E-7 2.930000E-8 4.023333E-8 1.753333E-8 1.716667E-8 1.776667E-8 1.733333E-8 1.568000E-7 -1.586667E-9 0.000000E+0 1.011845E-2
2.650000E+2 2.300000E+5 3.150020E+5 2.110020E+5 1.154667E-7 1.141000E-7 3.050000E-8 4.200000E-8 1.816667E-8 1.766667E-8 1.826667E-8 1.793333E-8 1.623333E-7 -1.641333E-9 0.000000E+0 1.011080E-2
2.660000E+2 2.300000E+5 3.159980E+5 2.110020E+5 1.132000E-7 1.118667E-7 2.983333E-8 4.103333E-8 1.780000E-8 1.736667E-8 1.790000E-8 1.760000E-8 1.591000E-7 -1.602333E-9 0.000000E+0 1.007121E-2
2.670000E+2 2.300000E+5 3.170000E+5 2.110020E+5 1.154333E-7 1.139000E-7 3.060000E-8 4.220000E-8 1.820000E-8 1.760000E-8 1.820000E-8 1.793333E-8 1.625667E-7 -1.641667E-9 0.000000E+0 1.009810E-2
2.680000E+2 2.300000E+5 3.180020E+5 2.110020E+5 1.083333E-7 1.070667E-7 2.850000E-8 3.920000E-8 1.696667E-8 1.660000E-8 1.713333E-8 1.686667E-8 1.523000E-7 -1.533000E-9 0.000000E+0 1.006571E-2
2.690000E+2 2.300000E+5 3.190020E+5 2.110020E+5 1.070000E-7 1.057000E-7 2.820000E-8 3.880000E-8 1.680000E-8 1.636667E-8 1.693333E-8 1.663333E-8 1.504333E-7 -1.516000E-9 0.000000E+0 1.007755E-2
2.700000E+2 2.300000E+5 3.199980E+5 2.110020E+5 1.109000E-7 1.097000E-7 2.906667E-8 3.993333E-8 1.740000E-8 1.706667E-8 1.760000E-8 1.720000E-8 1.556000E-7 -1.564000E-9 0.000000E+0 1.005177E-2
2.710000E+2 2.300000E+5 3.210000E+5 2.110020E+5 1.161000E-7 1.148333E-7 3.050000E-8 4.183333E-8 1.830000E-8 1.783333E-8 1.843333E-8 1.800000E-8 1.630333E-7 -1.641667E-9 0.000000E+0 1.006959E-2
2.720000E+2 2.300000E+5 3.220020E+5 2.110020E+5 1.172667E-7 1.158667E-7 3.086667E-8 4.243333E-8 1.850000E-8 1.796667E-8 1.860000E-8 1.813333E-8 1.647667E-7 -1.645333E-9 0.000000E+0 9.985904E-3
2.730000E+2 2.300000E+5 3.230020E+5 2.110020E+5 1.172333E-7 1.158333E-7 3.093333E-8 4.256667E-8 1.853333E-8 1.793333E-8 1.853333E-8 1.820000E-8 1.648333E-7 -1.651333E-9 0.000000E+0 1.001822E-2
2.740000E+2 2.300000E+5 3.239980E+5 2.110020E+5 1.122000E-7 1.108000E-7 2.960000E-8 4.083333E-8 1.763333E-8 1.713333E-8 1.773333E-8 1.743333E-8 1.578333E-7 -1.572000E-9 0.000000E+0 9.959916E-3
2.750000E+2 2.300000E+5 3.250000E+5 2.110020E+5 1.142333E-7 1.128000E-7 3.020000E-8 4.170000E-8 1.800000E-8 1.743333E-8 1.803333E-8 1.773333E-8 1.607667E-7 -1.606333E-9 0.000000E+0 9.991882E-3
2.760000E+2 2.300000E+5 3.260020E+5 2.110020E+5 1.115000E-7 1.100667E-7 2.946667E-8 4.066667E-8 1.750000E-8 1.703333E-8 1.760000E-8 1.733333E-8 1.569000E-7 -1.561667E-9 0.000000E+0 9.953524E-3
2.770000E+2 2.300000E+5 3.270020E+5 2.110020E+5 1.131000E-7 1.119333E-7 2.963333E-8 4.060000E-8 1.780000E-8 1.740000E-8 1.800000E-8 1.753333E-8 1.587000E-7 -1.589000E-9 0.000000E+0 1.001215E-2
2.780000E+2 2.300000E+5 3.279980E+5 2.110020E+5 1.185000E-7 1.170667E-7 3.133333E-8 4.313333E-8 1.876667E-8 1.806667E-8 1.873333E-8 1.833333E-8 1.667667E-7 -1.661333E-9 0.000000E+0 9.961916E-3
2.790000E+2 2.300000E+5 3.290000E+5 2.110020E+5 1.151667E-7 1.137667E-7 3.040000E-8 4.183333E-8 1.816667E-8 1.763333E-8 1.823333E-8 1.790000E-8 1.619333E-7 -1.614333E-9 0.000000E+0 9.969200E-3
2.800000E+2 2.300000E+5 3.300020E+5 2.110020E+5 1.150667E-7 1.136000E-7 3.040000E-8 4.190000E-8 1.810000E-8 1.756667E-8 1.816667E-8 1.786667E-8 1.618667E-7 -1.607667E-9 0.000000E+0 9.932080E-3
2.810000E+2 2.300000E+5 3.310020E+5 2.110020E+5 1.092667E-7 1.079000E-7 2.886667E-8 3.976667E-8 1.716667E-8 1.670000E-8 1.723333E-8 1.700000E-8 1.537000E-7 -1.529000E-9 0.000000E+0 9.947963E-3
2.820000E+2 2.300000E+5 3.319980E+5 2.110020E+5 1.104667E-7 1.091667E-7 2.903333E-8 3.986667E-8 1.733333E-8 1.693333E-8 1.746667E-8 1.720000E-8 1.551667E-7 -1.545333E-9 0.000000E+0 9.959365E-3
2.830000E+2 2.300000E+5 3.330000E+5 2.110020E+5 1.086667E-7 1.073667E-7 2.860000E-8 3.943333E-8 1.703333E-8 1.663333E-8 1.720000E-8 1.690000E-8 1.527667E-7 -1.512333E-9 0.000000E+0 9.899577E-3
2.840000E+2 2.300000E+5 3.340020E+5 2.110020E+5 1.084000E-7 1.071000E-7 2.856667E-8 3.930000E-8 1.700000E-8 1.660000E-8 1.716667E-8 1.686667E-8 1.524000E-7 -1.505000E-9 0.000000E+0 9.875345E-3
2.850000E+2 2.300000E+5 3.350020E+5 2.110020E+5 1.073000E-7 1.060333E-7 2.823333E-8 3.886667E-8 1.683333E-8 1.643333E-8 1.696667E-8 1.666667E-8 1.508333E-7 -1.487667E-9 0.000000E+0 9.862970E-3
2.860000E+2 2.300000E+5 3.359980E+5 2.110020E+5 1.167333E-7 1.153000E-7 3.076667E-8 4.233333E-8 1.843333E-8 1.786667E-8 1.846667E-8 1.813333E-8 1.640667E-7 -1.612000E-9 0.000000E+0 9.825274E-3
2.870000E+2 2.300000E+5 3.370000E+5 2.110020E+5 1.155333E-7 1.141333E-7 3.053333E-8 4.203333E-8 1.823333E-8 1.766667E-8 1.823333E-8 1.796667E-8 1.625000E-7 -1.601000E-9 0.000000E+0 9.852500E-3
2.880000E+2 2.300000E+5 3.380020E+5 2.110020E+5 1.126333E-7 1.111000E-7 2.986667E-8 4.116667E-8 1.776667E-8 1.713333E-8 1.770000E-8 1.753333E-8 1.587000E-7 -1.549000E-9 0.000000E+0 9.760984E-3
2.890000E+2 2.300000E+5 3.390020E+5 2.110020E+5 1.118333E-7 1.105000E-7 2.946667E-8 4.043333E-8 1.756667E-8 1.713333E-8 1.770000E-8 1.740000E-8 1.571000E-7 -1.521667E-9 0.000000E+0 9.685932E-3
2.900000E+2 2.300000E+5 3.399980E+5 2.110020E+5 1.113333E-7 1.100667E-7 2.923333E-8 4.010000E-8 1.746667E-8 1.710000E-8 1.766667E-8 1.730000E-8 1.563333E-7 -1.517333E-9 0.000000E+0 9.705664E-3
2.910000E+2 2.300000E+5 3.410000E+5 2.110020E+5 1.106667E-7 1.094667E-7 2.906667E-8 3.990000E-8 1.736667E-8 1.703333E-8 1.753333E-8 1.716667E-8 1.554000E-7 -1.494333E-9 0.000000E+0 9.616306E-3
2.920000E+2 2.300000E+5 3.420020E+5 2.110020E+5 1.062000E-7 1.049333E-7 2.800000E-8 3.850000E-8 1.663333E-8 1.623333E-8 1.680000E-8 1.653333E-8 1.493333E-7 -1.417667E-9 0.000000E+0 9.493337E-3
2.930000E+2 2.300000E+5 3.430020E+5 2.110020E+5 1.083667E-7 1.070667E-7 2.853333E-8 3.926667E-8 1.700000E-8 1.660000E-8 1.713333E-8 1.683333E-8 1.523667E-7 -1.426667E-9 0.000000E+0 9.363454E-3
2.940000E+2 2.300000E+5 3.439980E+5 2.110020E+5 1.084333E-7 1.071000E-7 2.860000E-8 3.940000E-8 1.700000E-8 1.656667E-8 1.713333E-8 1.690000E-8 1.524667E-7 -1.411000E-9 0.000000E+0 9.254601E-3
2.950000E+2 2.300000E+5 3.450000E+5 2.110020E+5 1.090333E-7 1.078333E-7 2.863333E-8 3.933333E-8 1.710000E-8 1.673333E-8 1.726667E-8 1.693333E-8 1.531000E-7 -1.385333E-9 0.000000E+0 9.048565E-3
2.960000E+2 2.300000E+5 3.460020E+5 2.110020E+5 1.097000E-7 1.082000E-7 2.906667E-8 4.016667E-8 1.720000E-8 1.670000E-8 1.723333E-8 1.710000E-8 1.545333E-7 -1.359667E-9 0.000000E+0 8.798410E-3
2.970000E+2 2.300000E+5 3.470020E+5 2.110020E+5 1.114000E-7 1.102667E-7 2.920000E-8 3.996667E-8 1.750000E-8 1.710000E-8 1.770000E-8 1.730000E-8 1.563000E-7 -1.330667E-9 0.000000E+0 8.513992E-3
2.980000E+2 2.300000E+5 3.479980E+5 2.110020E+5 1.107667E-7 1.095000E-7 2.910000E-8 3.993333E-8 1.740000E-8 1.696667E-8 1.756667E-8 1.723333E-8 1.555333E-7 -1.280000E-9 0.000000E+0 8.229604E-3
2.990000E+2 2.300000E+5 3.490000E+5 2.110020E+5 1.061667E-7 1.049000E-7 2.793333E-8 3.846667E-8 1.663333E-8 1.623333E-8 1.683333E-8 1.650000E-8 1.492333E-7 -1.166667E-9 0.000000E+0 7.817686E-3
3.000000E+2 2.300000E+5 3.500020E+5 2.110020E+5 1.065667E-7 1.053667E-7 2.810000E-8 3.866667E-8 1.673333E-8 1.630000E-8 1.690000E-8 1.660000E-8 1.498667E-7 -1.105333E-9 0.000000E+0 7.375446E-3
3.010000E+2 2.300000E+5 3.510020E+5 2.110020E+5 1.065333E-7 1.052667E-7 2.810000E-8 3.866667E-8 1.670000E-8 1.626667E-8 1.686667E-8 1.656667E-8 1.499000E-7 -1.037333E-9 0.000000E+0 6.920137E-3
3.020000E+2 2.300000E+5 3.519980E+5 2.110020E+5 1.064000E-7 1.051000E-7 2.800000E-8 3.850000E-8 1.670000E-8 1.623333E-8 1.683333E-8 1.650000E-8 1.495000E-7 -9.593333E-10 0.000000E+0 6.416941E-3
3.030000E+2 2.300000E+5 3.530000E+5 2.110020E+5 1.098667E-7 1.085667E-7 2.896667E-8 3.980000E-8 1.726667E-8 1.680000E-8 1.736667E-8 1.710000E-8 1.545000E-7 -9.053333E-10 0.000000E+0 5.859754E-3
3.040000E+2 2.300000E+5 3.540020E+5 2.110020E+5 1.062667E-7 1.050333E-7 2.800000E-8 3.850000E-8 1.666667E-8 1.626667E-8 1.680000E-8 1.653333E-8 1.494000E-7 -7.983333E-10 0.000000E+0 5.343651E-3
3.050000E+2 2.300000E+5 3.550020E+5 2.110020E+5 1.064333E-7 1.051667E-7 2.803333E-8 3.856667E-8 1.673333E-8 1.630000E-8 1.686667E-8 1.653333E-8 1.495667E-7 -7.083333E-10 0.000000E+0 4.735940E-3
3.060000E+2 2.300000E+5 3.559980E+5 2.110020E+5 1.090667E-7 1.078333E-7 2.866667E-8 3.940000E-8 1.710000E-8 1.673333E-8 1.726667E-8 1.696667E-8 1.532000E-7 -6.433333E-10 0.000000E+0 4.199509E-3
3.070000E+2 2.300000E+5 3.570000E+5 2.110020E+5 1.110667E-7 1.096667E-7 2.926667E-8 4.026667E-8 1.743333E-8 1.696667E-8 1.753333E-8 1.730000E-8 1.561667E-7 -5.723333E-10 0.000000E+0 3.664981E-3
3.080000E+2 2.300000E+5 3.580020E+5 2.110020E+5 1.065000E-7 1.052333E-7 2.803333E-8 3.860000E-8 1.670000E-8 1.630000E-8 1.686667E-8 1.660000E-8 1.497333E-7 -4.686667E-10 0.000000E+0 3.130025E-3
3.090000E+2 2.300000E+5 3.590020E+5 2.110020E+5 1.088333E-7 1.075000E-7 2.873333E-8 3.956667E-8 1.710000E-8 1.663333E-8 1.723333E-8 1.693333E-8 1.531000E-7 -4.126667E-10 0.000000E+0 2.695386E-3
3.100000E+2 2.300000E+5 3.599980E+5 2.110020E+5 1.185667E-7 1.172000E-7 3.126667E-8 4.293333E-8 1.873333E-8 1.813333E-8 1.880000E-8 1.833333E-8 1.666667E-7 -3.766667E-10 0.000000E+0 2.259961E-3
3.110000E+2 2.300000E+5 3.610000E+5 2.110020E+5 1.124000E-7 1.110000E-7 2.973333E-8 4.106667E-8 1.770000E-8 1.720000E-8 1.773333E-8 1.750000E-8 1.582000E-7 -2.953333E-10 0.000000E+0 1.866600E-3
3.120000E+2 2.300000E+5 3.620020E+5 2.110020E+5 1.131000E-7 1.118000E-7 2.976667E-8 4.093333E-8 1.776667E-8 1.733333E-8 1.793333E-8 1.756667E-8 1.589000E-7 -2.456667E-10 0.000000E+0 1.546032E-3
3.130000E+2 2.300000E+5 3.630020E+5 2.110020E+5 1.087667E-7 1.074667E-7 2.866667E-8 3.946667E-8 1.706667E-8 1.666667E-8 1.720000E-8 1.690000E-8 1.529333E-7 -1.920000E-10 0.000000E+0 1.255445E-3
3.140000E+2 2.300000E+5 3.639980E+5 2.110020E+5 1.074333E-7 1.061667E-7 2.830000E-8 3.886667E-8 1.686667E-8 1.646667E-8 1.700000E-8 1.670000E-8 1.510333E-7 -1.556667E-10 0.000000E+0 1.030705E-3
3.150000E+2 2.300000E+5 3.650000E+5 2.110020E+5 1.090667E-7 1.077667E-7 2.870000E-8 3.946667E-8 1.713333E-8 1.670000E-8 1.726667E-8 1.693333E-8 1.532667E-7 -1.283333E-10 0.000000E+0 8.373511E-4
3.160000E+2 2.300000E+5 3.660020E+5 2.110020E+5 1.076333E-7 1.064000E-7 2.830000E-8 3.893333E-8 1.686667E-8 1.650000E-8 1.703333E-8 1.676667E-8 1.513000E-7 -1.043333E-10 0.000000E+0 6.895873E-4
3.170000E+2 2.300000E+5 3.670020E+5 2.110020E+5 1.096333E-7 1.083333E-7 2.883333E-8 3.963333E-8 1.720000E-8 1.680000E-8 1.736667E-8 1.703333E-8 1.540000E-7 -8.800000E-11 0.000000E+0 5.714219E-4
3.180000E+2 2.300000E+5 3.679980E+5 2.110020E+5 1.094333E-7 1.082667E-7 2.876667E-8 3.950000E-8 1.716667E-8 1.683333E-8 1.736667E-8 1.703333E-8 1.537000E-7 -7.400000E-11 0.000000E+0 4.814236E-4
3.190000E+2 2.300000E+5 3.690000E+5 2.110020E+5 1.082667E-7 1.069667E-7 2.856667E-8 3.930000E-8 1.696667E-8 1.656667E-8 1.710000E-8 1.683333E-8 1.523000E-7 -6.100000E-11 0.000000E+0 4.005214E-4
3.200000E+2 2.300000E+5 3.700020E+5 2.110020E+5 1.068000E-7 1.055333E-7 2.816667E-8 3.880000E-8 1.676667E-8 1.633333E-8 1.690000E-8 1.663333E-8 1.502333E-7 -5.200000E-11 0.000000E+0 3.461545E-4
3.210000E+2 2.300000E+5 3.710020E+5 2.110020E+5 1.082333E-7 1.069333E-7 2.853333E-8 3.923333E-8 1.700000E-8 1.656667E-8 1.710000E-8 1.683333E-8 1.521667E-7 -4.466667E-11 0.000000E+0 2.935642E-4
3.220000E+2 2.300000E+5 3.719980E+5 2.110020E+5 1.071333E-7 1.058333E-7 2.823333E-8 3.890000E-8 1.683333E-8 1.640000E-8 1.693333E-8 1.666667E-8 1.506333E-7 -3.900000E-11 0.000000E+0 2.588986E-4
3.230000E+2 2.300000E+5 3.730000E+5 2.110020E+5 1.084667E-7 1.071000E-7 2.860000E-8 3.940000E-8 1.700000E-8 1.660000E-8 1.710000E-8 1.686667E-8 1.525333E-7 -3.533333E-11 0.000000E+0 2.316396E-4
3.240000E+2 2.300000E+5 3.740020E+5 2.110020E+5 1.115667E-7 1.102667E-7 2.940000E-8 4.046667E-8 1.753333E-8 1.710000E-8 1.763333E-8 1.733333E-8 1.568667E-7 -3.400000E-11 0.000000E+0 2.167475E-4
3.250000E+2 2.300000E+5 3.750020E+5 2.110020E+5 1.087333E-7 1.074333E-7 2.866667E-8 3.940000E-8 1.706667E-8 1.663333E-8 1.720000E-8 1.690000E-8 1.528667E-7 -2.933333E-11 0.000000E+0 1.918810E-4
3.260000E+2 2.300000E+5 3.759980E+5 2.110020E+5 1.069333E-7 1.056667E-7 2.810000E-8 3.863333E-8 1.673333E-8 1.636667E-8 1.696667E-8 1.663333E-8 1.502000E-7 -2.633333E-11 0.000000E+0 1.753134E-4
3.270000E+2 2.300000E+5 3.770000E+5 2.110020E+5 1.086667E-7 1.074667E-7 2.860000E-8 3.926667E-8 1.706667E-8 1.666667E-8 1.723333E-8 1.690000E-8 1.527000E-7 -2.633333E-11 0.000000E+0 1.724233E-4
3.280000E+2 2.300000E+5 3.780020E+5 2.110020E+5 1.085667E-7 1.073000E-7 2.860000E-8 3.930000E-8 1.700000E-8 1.666667E-8 1.716667E-8 1.690000E-8 1.525667E-7 -2.400000E-11 0.000000E+0 1.573103E-4
3.290000E+2 2.300000E+5 3.790020E+5 2.110020E+5 1.071000E-7 1.058000E-7 2.820000E-8 3.883333E-8 1.680000E-8 1.640000E-8 1.693333E-8 1.666667E-8 1.505667E-7 -2.333333E-11 0.000000E+0 1.549728E-4
3.300000E+2 2.300000E+5 3.799980E+5 2.110020E+5 1.131333E-7 1.118667E-7 2.973333E-8 4.083333E-8 1.776667E-8 1.736667E-8 1.793333E-8 1.753333E-8 1.589333E-7 -2.233333E-11 0.000000E+0 1.405330E-4
3.310000E+2 2.300000E+5 3.810000E+5 2.110020E+5 1.175667E-7 1.161333E-7 3.106667E-8 4.286667E-8 1.856667E-8 1.790000E-8 1.860000E-8 1.823333E-8 1.655333E-7 -2.200000E-11 0.000000E+0 1.329506E-4
3.320000E+2 2.300000E+5 3.820020E+5 2.110020E+5 1.069000E-7 1.056000E-7 2.816667E-8 3.883333E-8 1.676667E-8 1.636667E-8 1.690000E-8 1.663333E-8 1.503333E-7 -1.933333E-11 0.000000E+0 1.285925E-4
3.330000E+2 2.300000E+5 3.830020E+5 2.110020E+5 1.062000E-7 1.049667E-7 2.796667E-8 3.843333E-8 1.666667E-8 1.626667E-8 1.680000E-8 1.650000E-8 1.493333E-7 -1.833333E-11 0.000000E+0 1.227657E-4
3.340000E+2 2.300000E+5 3.839980E+5 2.110020E+5 1.088667E-7 1.075333E-7 2.866667E-8 3.946667E-8 1.706667E-8 1.666667E-8 1.723333E-8 1.696667E-8 1.530667E-7 -1.833333E-11 0.000000E+0 1.197785E-4
3.350000E+2 2.300000E+5 3.850000E+5 2.110020E+5 1.061667E-7 1.049000E-7 2.796667E-8 3.850000E-8 1.663333E-8 1.623333E-8 1.680000E-8 1.650000E-8 1.492667E-7 -1.766667E-11 0.000000E+0 1.183555E-4
3.360000E+2 2.300000E+5 3.860020E+5 2.110020E+5 1.062333E-7 1.049333E-7 2.796667E-8 3.850000E-8 1.666667E-8 1.623333E-8 1.683333E-8 1.650000E-8 1.493333E-7 -1.666667E-11 0.000000E+0 1.116114E-4
3.370000E+2 2.300000E+5 3.870020E+5 2.110020E+5 1.092333E-7 1.079333E-7 2.883333E-8 3.966667E-8 1.716667E-8 1.670000E-8 1.726667E-8 1.700000E-8 1.537333E-7 -1.566667E-11 0.000000E+0 1.019002E-4
3.380000E+2 2.300000E+5 3.879980E+5 2.110020E+5 1.088000E-7 1.075667E-7 2.860000E-8 3.940000E-8 1.706667E-8 1.666667E-8 1.726667E-8 1.690000E-8 1.529000E-7 -1.600000E-11 0.000000E+0 1.046486E-4
3.390000E+2 2.300000E+5 3.890000E+5 2.110020E+5 1.091667E-7 1.079000E-7 2.876667E-8 3.966667E-8 1.713333E-8 1.673333E-8 1.726667E-8 1.696667E-8 1.535333E-7 -1.533333E-11 0.000000E+0 9.986386E-5
3.400000E+2 2.300000E+5 3.900020E+5 2.110020E+5 1.138000E-7 1.124000E-7 3.010000E-8 4.150000E-8 1.793333E-8 1.740000E-8 1.800000E-8 1.766667E-8 1.601000E-7 -1.466667E-11 0.000000E+0 9.161009E-5
3.410000E+2 2.300000E+5 3.910020E+5 2.110020E+5 1.170667E-7 1.157333E-7 3.076667E-8 4.230000E-8 1.843333E-8 1.793333E-8 1.860000E-8 1.816667E-8 1.644000E-7 -1.500000E-11 0.000000E+0 9.124714E-5
3.420000E+2 2.300000E+5 3.919980E+5 2.110020E+5 1.124667E-7 1.109333E-7 2.983333E-8 4.123333E-8 1.770000E-8 1.713333E-8 1.766667E-8 1.753333E-8 1.584667E-7 -1.366667E-11 0.000000E+0 8.631770E-5
3.430000E+2 2.300000E+5 3.930000E+5 2.110020E+5 1.072333E-7 1.058667E-7 2.836667E-8 3.913333E-8 1.680000E-8 1.636667E-8 1.690000E-8 1.673333E-8 1.509667E-7 -1.400000E-11 0.000000E+0 9.274695E-5
3.440000E+2 2.300000E+5 3.940020E+5 2.110020E+5 1.060000E-7 1.047333E-7 2.793333E-8 3.846667E-8 1.663333E-8 1.620000E-8 1.676667E-8 1.650000E-8 1.490667E-7 -1.233333E-11 0.000000E+0 8.273973E-5
3.450000E+2 2.300000E+5 3.950020E+5 2.110020E+5 1.072333E-7 1.059667E-7 2.823333E-8 3.880000E-8 1.683333E-8 1.643333E-8 1.696667E-8 1.666667E-8 1.506667E-7 -1.333333E-11 0.000000E+0 8.851549E-5
3.460000E+2 2.300000E+5 3.959980E+5 2.110020E+5 1.058667E-7 1.045667E-7 2.793333E-8 3.843333E-8 1.660000E-8 1.616667E-8 1.673333E-8 1.646667E-8 1.489000E-7 -1.266667E-11 0.000000E+0 8.505949E-5
3.470000E+2 2.300000E+5 3.970000E+5 2.110020E+5 1.055333E-7 1.042667E-7 2.780000E-8 3.820000E-8 1.660000E-8 1.610000E-8 1.673333E-8 1.640000E-8 1.484000E-7 -1.200000E-11 0.000000E+0 8.086105E-5
3.480000E+2 2.300000E+5 3.980020E+5 2.110020E+5 1.056000E-7 1.043333E-7 2.780000E-8 3.830000E-8 1.660000E-8 1.610000E-8 1.670000E-8 1.640000E-8 1.484667E-7 -1.166667E-11 0.000000E+0 7.858312E-5
3.490000E+2 2.300000E+5 3.990020E+5 2.110020E+5 1.057000E-7 1.044000E-7 2.786667E-8 3.836667E-8 1.660000E-8 1.613333E-8 1.673333E-8 1.640000E-8 1.486667E-7 -1.166667E-11 0.000000E+0 7.847748E-5
3.500000E+2 2.300000E+5 3.999980E+5 2.110020E+5 1.061333E-7 1.048667E-7 2.790000E-8 3.843333E-8 1.666667E-8 1.623333E-8 1.680000E-8 1.650000E-8 1.492000E-7 -1.100000E-11 0.000000E+0 7.372723E-5
3.510000E+2 2.300000E+5 4.010000E+5 2.110020E+5 1.075000E-7 1.062000E-7 2.833333E-8 3.900000E-8 1.686667E-8 1.643333E-8 1.703333E-8 1.673333E-8 1.512000E-7 -1.066667E-11 0.000000E+0 7.054834E-5
3.520000E+2 2.300000E+5 4.020020E+5 2.110020E+5 1.068667E-7 1.056333E-7 2.813333E-8 3.866667E-8 1.676667E-8 1.636667E-8 1.693333E-8 1.660000E-8 1.502333E-7 -1.033333E-11 0.000000E+0 6.877443E-5
3.530000E+2 2.300000E+5 4.030020E+5 2.110020E+5 1.056667E-7 1.043667E-7 2.780000E-8 3.830000E-8 1.660000E-8 1.613333E-8 1.673333E-8 1.640000E-8 1.485667E-7 -1.066667E-11 0.000000E+0 7.179620E-5
3.540000E+2 2.300000E+5 4.039980E+5 2.110020E+5 1.058000E-7 1.045333E-7 2.790000E-8 3.836667E-8 1.660000E-8 1.620000E-8 1.670000E-8 1.650000E-8 1.488000E-7 -1.066667E-11 0.000000E+0 7.168315E-5