0.000000E+0 2.300000E+5 5.000000E+4 3.110020E+5 1.063333E-7 1.053000E-7 2.803333E-8 3.856667E-8 1.686667E-8 1.623333E-8 1.693333E-8 1.643333E-8 1.498333E-7 -1.300000E-11 0.000000E+0 8.676365E-5
1.000000E+0 2.300000E+5 5.100200E+4 3.110020E+5 1.074667E-7 1.066667E-7 2.840000E-8 3.903333E-8 1.710000E-8 1.646667E-8 1.716667E-8 1.660000E-8 1.517000E-7 -1.366667E-11 0.000000E+0 9.010861E-5
2.000000E+0 2.300000E+5 5.199800E+4 3.110020E+5 1.055333E-7 1.044000E-7 2.783333E-8 3.826667E-8 1.670000E-8 1.610000E-8 1.680000E-8 1.630000E-8 1.485667E-7 -1.400000E-11 0.000000E+0 9.423391E-5
3.000000E+0 2.300000E+5 5.300000E+4 3.110020E+5 1.053000E-7 1.040333E-7 2.773333E-8 3.816667E-8 1.666667E-8 1.603333E-8 1.673333E-8 1.626667E-8 1.481000E-7 -1.400000E-11 0.000000E+0 9.452194E-5
4.000000E+0 2.300000E+5 5.400200E+4 3.110020E+5 1.076333E-7 1.064333E-7 2.836667E-8 3.906667E-8 1.703333E-8 1.640000E-8 1.710000E-8 1.660000E-8 1.515333E-7 -1.433333E-11 0.000000E+0 9.458495E-5
5.000000E+0 2.300000E+5 5.500200E+4 3.110020E+5 1.083667E-7 1.070333E-7 2.853333E-8 3.930000E-8 1.713333E-8 1.650000E-8 1.723333E-8 1.670000E-8 1.523333E-7 -1.500000E-11 0.000000E+0 9.846834E-5
6.000000E+0 2.300000E+5 5.599800E+4 3.110020E+5 1.078667E-7 1.071000E-7 2.850000E-8 3.913333E-8 1.716667E-8 1.653333E-8 1.720000E-8 1.670000E-8 1.522333E-7 -1.633333E-11 0.000000E+0 1.072568E-4
7.000000E+0 2.300000E+5 5.700000E+4 3.110020E+5 1.072667E-7 1.065333E-7 2.836667E-8 3.896667E-8 1.706667E-8 1.643333E-8 1.716667E-8 1.663333E-8 1.515333E-7 -1.633333E-11 0.000000E+0 1.077878E-4
8.000000E+0 2.300000E+5 5.800200E+4 3.110020E+5 1.099000E-7 1.083000E-7 2.890000E-8 3.983333E-8 1.736667E-8 1.670000E-8 1.743333E-8 1.693333E-8 1.542333E-7 -1.733333E-11 0.000000E+0 1.123879E-4
9.000000E+0 2.300000E+5 5.900200E+4 3.110020E+5 1.104667E-7 1.092333E-7 2.913333E-8 4.006667E-8 1.750000E-8 1.686667E-8 1.756667E-8 1.703333E-8 1.554667E-7 -1.733333E-11 0.000000E+0 1.114905E-4
1.000000E+1 2.300000E+5 5.999800E+4 3.110020E+5 1.111333E-7 1.094000E-7 2.923333E-8 4.026667E-8 1.753333E-8 1.683333E-8 1.760000E-8 1.706667E-8 1.557667E-7 -1.866667E-11 0.000000E+0 1.198246E-4
1.100000E+1 2.300000E+5 6.100000E+4 3.110020E+5 1.084000E-7 1.066667E-7 2.850000E-8 3.926667E-8 1.710000E-8 1.646667E-8 1.716667E-8 1.666667E-8 1.519000E-7 -1.766667E-11 0.000000E+0 1.162967E-4
1.200000E+1 2.300000E+5 6.200200E+4 3.110020E+5 1.087000E-7 1.079000E-7 2.870000E-8 3.946667E-8 1.726667E-8 1.666667E-8 1.736667E-8 1.683333E-8 1.534000E-7 -1.933333E-11 0.000000E+0 1.260530E-4
1.300000E+1 2.300000E+5 6.300200E+4 3.110020E+5 1.116333E-7 1.103000E-7 2.940000E-8 4.043333E-8 1.770000E-8 1.700000E-8 1.776667E-8 1.720000E-8 1.569333E-7 -2.033333E-11 0.000000E+0 1.295672E-4
1.400000E+1 2.300000E+5 6.399800E+4 3.110020E+5 1.094000E-7 1.076667E-7 2.876667E-8 3.960000E-8 1.723333E-8 1.656667E-8 1.730000E-8 1.680000E-8 1.533333E-7 -2.100000E-11 0.000000E+0 1.369458E-4
1.500000E+1 2.300000E+5 6.500000E+4 3.110020E+5 1.112667E-7 1.099000E-7 2.930000E-8 4.036667E-8 1.760000E-8 1.690000E-8 1.770000E-8 1.710000E-8 1.564333E-7 -2.266667E-11 0.000000E+0 1.448976E-4
1.600000E+1 2.300000E+5 6.600200E+4 3.110020E+5 1.116333E-7 1.104333E-7 2.943333E-8 4.050000E-8 1.773333E-8 1.700000E-8 1.780000E-8 1.720000E-8 1.571333E-7 -2.266667E-11 0.000000E+0 1.442536E-4
1.700000E+1 2.300000E+5 6.700200E+4 3.110020E+5 1.111000E-7 1.089000E-7 2.916667E-8 4.023333E-8 1.743333E-8 1.673333E-8 1.750000E-8 1.703333E-8 1.553000E-7 -2.533333E-11 0.000000E+0 1.631616E-4
1.800000E+1 2.300000E+5 6.799800E+4 3.110020E+5 1.086333E-7 1.069000E-7 2.853333E-8 3.936667E-8 1.710000E-8 1.646667E-8 1.720000E-8 1.673333E-8 1.523000E-7 -2.500000E-11 0.000000E+0 1.641419E-4
1.900000E+1 2.300000E+5 6.900000E+4 3.110020E+5 1.054667E-7 1.036667E-7 2.770000E-8 3.820000E-8 1.653333E-8 1.596667E-8 1.663333E-8 1.623333E-8 1.477000E-7 -2.600000E-11 0.000000E+0 1.760530E-4
2.000000E+1 2.300000E+5 7.000200E+4 3.110020E+5 1.093000E-7 1.082667E-7 2.886667E-8 3.966667E-8 1.733333E-8 1.666667E-8 1.740000E-8 1.690000E-8 1.540667E-7 -2.966667E-11 0.000000E+0 1.925554E-4
2.100000E+1 2.300000E+5 7.100200E+4 3.110020E+5 1.069000E-7 1.056667E-7 2.816667E-8 3.876667E-8 1.686667E-8 1.630000E-8 1.696667E-8 1.656667E-8 1.504000E-7 -3.133333E-11 0.000000E+0 2.083327E-4
2.200000E+1 2.300000E+5 7.199800E+4 3.110020E+5 1.065333E-7 1.040000E-7 2.783333E-8 3.853333E-8 1.656667E-8 1.603333E-8 1.666667E-8 1.630000E-8 1.482667E-7 -3.366667E-11 0.000000E+0 2.270615E-4
2.300000E+1 2.300000E+5 7.300000E+4 3.110020E+5 1.066000E-7 1.053333E-7 2.810000E-8 3.863333E-8 1.680000E-8 1.623333E-8 1.693333E-8 1.646667E-8 1.498667E-7 -3.900000E-11 0.000000E+0 2.602498E-4
2.400000E+1 2.300000E+5 7.400200E+4 3.110020E+5 1.061333E-7 1.050333E-7 2.800000E-8 3.846667E-8 1.676667E-8 1.620000E-8 1.686667E-8 1.646667E-8 1.494000E-7 -4.266667E-11 0.000000E+0 2.855864E-4
2.500000E+1 2.300000E+5 7.500200E+4 3.110020E+5 1.059333E-7 1.045333E-7 2.790000E-8 3.840000E-8 1.666667E-8 1.613333E-8 1.680000E-8 1.636667E-8 1.488667E-7 -4.766667E-11 0.000000E+0 3.202165E-4
2.600000E+1 2.300000E+5 7.599800E+4 3.110020E+5 1.044667E-7 1.029667E-7 2.746667E-8 3.786667E-8 1.636667E-8 1.586667E-8 1.653333E-8 1.616667E-8 1.466667E-7 -5.433333E-11 0.000000E+0 3.704246E-4
2.700000E+1 2.300000E+5 7.700000E+4 3.110020E+5 1.027000E-7 1.012000E-7 2.700000E-8 3.720000E-8 1.610000E-8 1.560000E-8 1.623333E-8 1.590000E-8 1.440667E-7 -6.200000E-11 0.000000E+0 4.303544E-4
2.800000E+1 2.300000E+5 7.800200E+4 3.110020E+5 1.057667E-7 1.039667E-7 2.776667E-8 3.830000E-8 1.656667E-8 1.603333E-8 1.670000E-8 1.630000E-8 1.480333E-7 -7.433333E-11 0.000000E+0 5.021380E-4
2.900000E+1 2.300000E+5 7.900200E+4 3.110020E+5 1.055000E-7 1.042333E-7 2.783333E-8 3.830000E-8 1.660000E-8 1.606667E-8 1.673333E-8 1.636667E-8 1.484000E-7 -8.766667E-11 0.000000E+0 5.907643E-4
3.000000E+1 2.300000E+5 7.999800E+4 3.110020E+5 1.044333E-7 1.027667E-7 2.743333E-8 3.783333E-8 1.633333E-8 1.583333E-8 1.646667E-8 1.610000E-8 1.463333E-7 -1.000000E-10 0.000000E+0 6.833948E-4
3.100000E+1 2.300000E+5 8.100000E+4 3.110020E+5 1.031333E-7 1.015667E-7 2.710000E-8 3.733333E-8 1.616667E-8 1.566667E-8 1.630000E-8 1.596667E-8 1.446667E-7 -1.186667E-10 0.000000E+0 8.202537E-4
3.200000E+1 2.300000E+5 8.200200E+4 3.110020E+5 1.017333E-7 1.004667E-7 2.680000E-8 3.686667E-8 1.596667E-8 1.550000E-8 1.610000E-8 1.580000E-8 1.430667E-7 -1.396667E-10 0.000000E+0 9.762342E-4
3.300000E+1 2.300000E+5 8.300200E+4 3.110020E+5 1.013333E-7 1.001333E-7 2.670000E-8 3.673333E-8 1.590000E-8 1.543333E-8 1.610000E-8 1.570000E-8 1.425333E-7 -1.640000E-10 0.000000E+0 1.150606E-3
3.400000E+1 2.300000E+5 8.399800E+4 3.110020E+5 1.033000E-7 1.023333E-7 2.726667E-8 3.746667E-8 1.630000E-8 1.580000E-8 1.643333E-8 1.606667E-8 1.456000E-7 -1.990000E-10 0.000000E+0 1.366777E-3
3.500000E+1 2.300000E+5 8.500000E+4 3.110020E+5 1.015333E-7 1.005000E-7 2.673333E-8 3.683333E-8 1.593333E-8 1.553333E-8 1.613333E-8 1.583333E-8 1.430000E-7 -2.253333E-10 0.000000E+0 1.575766E-3
3.600000E+1 2.300000E+5 8.600200E+4 3.110020E+5 1.041667E-7 1.033000E-7 2.753333E-8 3.783333E-8 1.643333E-8 1.590000E-8 1.660000E-8 1.620000E-8 1.469667E-7 -2.746667E-10 0.000000E+0 1.868904E-3
3.700000E+1 2.300000E+5 8.700200E+4 3.110020E+5 1.051000E-7 1.031000E-7 2.756667E-8 3.806667E-8 1.636667E-8 1.586667E-8 1.653333E-8 1.620000E-8 1.469667E-7 -3.196667E-10 0.000000E+0 2.175122E-3
3.800000E+1 2.300000E+5 8.799800E+4 3.110020E+5 1.037333E-7 1.030333E-7 2.740000E-8 3.760000E-8 1.640000E-8 1.593333E-8 1.660000E-8 1.616667E-8 1.464000E-7 -3.690000E-10 0.000000E+0 2.520561E-3
3.900000E+1 2.300000E+5 8.900000E+4 3.110020E+5 1.070333E-7 1.059333E-7 2.823333E-8 3.883333E-8 1.686667E-8 1.633333E-8 1.706667E-8 1.660000E-8 1.507667E-7 -4.376667E-10 0.000000E+0 2.902959E-3
4.000000E+1 2.300000E+5 9.000200E+4 3.110020E+5 1.060667E-7 1.049333E-7 2.800000E-8 3.846667E-8 1.670000E-8 1.620000E-8 1.690000E-8 1.646667E-8 1.493333E-7 -4.950000E-10 0.000000E+0 3.314693E-3
4.100000E+1 2.300000E+5 9.100200E+4 3.110020E+5 1.061667E-7 1.043333E-7 2.790000E-8 3.843333E-8 1.656667E-8 1.606667E-8 1.676667E-8 1.640000E-8 1.486667E-7 -5.593333E-10 0.000000E+0 3.762424E-3
4.200000E+1 2.300000E+5 9.199800E+4 3.110020E+5 1.049667E-7 1.035000E-7 2.760000E-8 3.803333E-8 1.646667E-8 1.596667E-8 1.663333E-8 1.630000E-8 1.473667E-7 -6.156667E-10 0.000000E+0 4.177791E-3
4.300000E+1 2.300000E+5 9.300000E+4 3.110020E+5 1.047000E-7 1.043000E-7 2.773333E-8 3.803333E-8 1.656667E-8 1.610000E-8 1.676667E-8 1.636667E-8 1.482333E-7 -6.890000E-10 0.000000E+0 4.647986E-3
4.400000E+1 2.300000E+5 9.400200E+4 3.110020E+5 1.048667E-7 1.036667E-7 2.763333E-8 3.803333E-8 1.646667E-8 1.600000E-8 1.670000E-8 1.630000E-8 1.475333E-7 -7.520000E-10 0.000000E+0 5.097107E-3
4.500000E+1 2.300000E+5 9.500200E+4 3.110020E+5 1.035667E-7 1.022000E-7 2.723333E-8 3.753333E-8 1.620000E-8 1.573333E-8 1.640000E-8 1.606667E-8 1.454333E-7 -8.113333E-10 0.000000E+0 5.578740E-3
4.600000E+1 2.300000E+5 9.599800E+4 3.110020E+5 1.051667E-7 1.037333E-7 2.766667E-8 3.810000E-8 1.650000E-8 1.600000E-8 1.666667E-8 1.633333E-8 1.477000E-7 -8.926667E-10 0.000000E+0 6.043879E-3
4.700000E+1 2.300000E+5 9.700000E+4 3.110020E+5 1.032333E-7 1.019333E-7 2.716667E-8 3.740000E-8 1.620000E-8 1.570000E-8 1.636667E-8 1.600000E-8 1.451000E-7 -9.413333E-10 0.000000E+0 6.487460E-3
4.800000E+1 2.300000E+5 9.800200E+4 3.110020E+5 1.034333E-7 1.019000E-7 2.720000E-8 3.746667E-8 1.616667E-8 1.570000E-8 1.636667E-8 1.603333E-8 1.451667E-7 -1.005333E-9 0.000000E+0 6.925357E-3
4.900000E+1 2.300000E+5 9.900200E+4 3.110020E+5 1.040000E-7 1.032667E-7 2.750000E-8 3.773333E-8 1.640000E-8 1.593333E-8 1.660000E-8 1.623333E-8 1.468667E-7 -1.069000E-9 0.000000E+0 7.278638E-3
5.000000E+1 2.300000E+5 9.999800E+4 3.110020E+5 1.041000E-7 1.028333E-7 2.743333E-8 3.776667E-8 1.630000E-8 1.583333E-8 1.653333E-8 1.620000E-8 1.464000E-7 -1.125333E-9 0.000000E+0 7.686693E-3
5.100000E+1 2.300000E+5 1.010000E+5 3.110020E+5 1.030000E-7 1.017333E-7 2.710000E-8 3.730000E-8 1.616667E-8 1.570000E-8 1.633333E-8 1.600000E-8 1.447667E-7 -1.154000E-9 0.000000E+0 7.971489E-3
5.200000E+1 2.300000E+5 1.020020E+5 3.110020E+5 1.028667E-7 1.019333E-7 2.713333E-8 3.730000E-8 1.616667E-8 1.570000E-8 1.636667E-8 1.603333E-8 1.450000E-7 -1.208667E-9 0.000000E+0 8.335576E-3
5.300000E+1 2.300000E+5 1.030020E+5 3.110020E+5 1.031333E-7 1.019667E-7 2.716667E-8 3.736667E-8 1.620000E-8 1.573333E-8 1.636667E-8 1.603333E-8 1.451000E-7 -1.254333E-9 0.000000E+0 8.644600E-3
5.400000E+1 2.300000E+5 1.039980E+5 3.110020E+5 1.046000E-7 1.034000E-7 2.756667E-8 3.790000E-8 1.643333E-8 1.593333E-8 1.663333E-8 1.630000E-8 1.472000E-7 -1.301667E-9 0.000000E+0 8.842814E-3
5.500000E+1 2.300000E+5 1.050000E+5 3.110020E+5 1.047333E-7 1.036000E-7 2.760000E-8 3.796667E-8 1.643333E-8 1.596667E-8 1.666667E-8 1.630000E-8 1.474333E-7 -1.338333E-9 0.000000E+0 9.077549E-3
5.600000E+1 2.300000E+5 1.060020E+5 3.110020E+5 1.046333E-7 1.034000E-7 2.756667E-8 3.793333E-8 1.643333E-8 1.593333E-8 1.663333E-8 1.630000E-8 1.472000E-7 -1.358000E-9 0.000000E+0 9.225495E-3
5.700000E+1 2.300000E+5 1.070020E+5 3.110020E+5 1.046000E-7 1.032000E-7 2.753333E-8 3.793333E-8 1.640000E-8 1.590000E-8 1.660000E-8 1.623333E-8 1.470000E-7 -1.376667E-9 0.000000E+0 9.365085E-3
5.800000E+1 2.300000E+5 1.079980E+5 3.110020E+5 1.043000E-7 1.030000E-7 2.746667E-8 3.783333E-8 1.633333E-8 1.590000E-8 1.656667E-8 1.620000E-8 1.466667E-7 -1.395000E-9 0.000000E+0 9.511398E-3
5.900000E+1 2.300000E+5 1.090000E+5 3.110020E+5 1.050000E-7 1.040667E-7 2.770000E-8 3.806667E-8 1.650000E-8 1.603333E-8 1.673333E-8 1.636667E-8 1.480333E-7 -1.421333E-9 0.000000E+0 9.601410E-3
6.000000E+1 2.300000E+5 1.100020E+5 3.110020E+5 1.047667E-7 1.035000E-7 2.760000E-8 3.803333E-8 1.643333E-8 1.596667E-8 1.660000E-8 1.630000E-8 1.473667E-7 -1.430333E-9 0.000000E+0 9.705940E-3
6.100000E+1 2.300000E+5 1.110020E+5 3.110020E+5 1.046000E-7 1.033667E-7 2.753333E-8 3.793333E-8 1.640000E-8 1.590000E-8 1.660000E-8 1.626667E-8 1.471333E-7 -1.436667E-9 0.000000E+0 9.764394E-3
6.200000E+1 2.300000E+5 1.119980E+5 3.110020E+5 1.076333E-7 1.065333E-7 2.840000E-8 3.906667E-8 1.696667E-8 1.640000E-8 1.710000E-8 1.670000E-8 1.516000E-7 -1.491000E-9 0.000000E+0 9.835105E-3
6.300000E+1 2.300000E+5 1.130000E+5 3.110020E+5 1.070333E-7 1.060000E-7 2.823333E-8 3.883333E-8 1.683333E-8 1.633333E-8 1.706667E-8 1.666667E-8 1.508333E-7 -1.488667E-9 0.000000E+0 9.869651E-3
6.400000E+1 2.300000E+5 1.140020E+5 3.110020E+5 1.056333E-7 1.044000E-7 2.786667E-8 3.830000E-8 1.656667E-8 1.613333E-8 1.683333E-8 1.643333E-8 1.486000E-7 -1.478333E-9 0.000000E+0 9.948380E-3
6.500000E+1 2.300000E+5 1.150020E+5 3.110020E+5 1.082000E-7 1.076000E-7 2.863333E-8 3.926667E-8 1.713333E-8 1.660000E-8 1.736667E-8 1.690000E-8 1.529667E-7 -1.523000E-9 0.000000E+0 9.956532E-3
6.600000E+1 2.300000E+5 1.159980E+5 3.110020E+5 1.090000E-7 1.077000E-7 2.873333E-8 3.953333E-8 1.716667E-8 1.660000E-8 1.730000E-8 1.690000E-8 1.533333E-7 -1.531333E-9 0.000000E+0 9.986976E-3
6.700000E+1 2.300000E+5 1.170000E+5 3.110020E+5 1.096333E-7 1.084667E-7 2.890000E-8 3.976667E-8 1.730000E-8 1.670000E-8 1.743333E-8 1.700000E-8 1.543333E-7 -1.543000E-9 0.000000E+0 9.997841E-3
6.800000E+1 2.300000E+5 1.180020E+5 3.110020E+5 1.091333E-7 1.078000E-7 2.876667E-8 3.956667E-8 1.716667E-8 1.660000E-8 1.736667E-8 1.693333E-8 1.534333E-7 -1.537667E-9 0.000000E+0 1.002171E-2
6.900000E+1 2.300000E+5 1.190020E+5 3.110020E+5 1.093333E-7 1.076333E-7 2.876667E-8 3.960000E-8 1.710000E-8 1.660000E-8 1.730000E-8 1.690000E-8 1.533000E-7 -1.535667E-9 0.000000E+0 1.001751E-2
7.000000E+1 2.300000E+5 1.199980E+5 3.110020E+5 1.079667E-7 1.066667E-7 2.840000E-8 3.913333E-8 1.693333E-8 1.646667E-8 1.713333E-8 1.680000E-8 1.518333E-7 -1.527333E-9 0.000000E+0 1.005927E-2
7.100000E+1 2.300000E+5 1.210000E+5 3.110020E+5 1.073333E-7 1.061333E-7 2.826667E-8 3.893333E-8 1.683333E-8 1.636667E-8 1.706667E-8 1.670000E-8 1.510667E-7 -1.516667E-9 0.000000E+0 1.003970E-2
7.200000E+1 2.300000E+5 1.220020E+5 3.110020E+5 1.070667E-7 1.057333E-7 2.820000E-8 3.883333E-8 1.680000E-8 1.630000E-8 1.700000E-8 1.663333E-8 1.505667E-7 -1.517000E-9 0.000000E+0 1.007528E-2
7.300000E+1 2.300000E+5 1.230020E+5 3.110020E+5 1.062000E-7 1.049333E-7 2.800000E-8 3.850000E-8 1.663333E-8 1.620000E-8 1.686667E-8 1.650000E-8 1.493333E-7 -1.507333E-9 0.000000E+0 1.009374E-2
7.400000E+1 2.300000E+5 1.239980E+5 3.110020E+5 1.066000E-7 1.054333E-7 2.810000E-8 3.866667E-8 1.673333E-8 1.626667E-8 1.696667E-8 1.660000E-8 1.501000E-7 -1.514333E-9 0.000000E+0 1.008880E-2
7.500000E+1 2.300000E+5 1.250000E+5 3.110020E+5 1.063333E-7 1.050667E-7 2.800000E-8 3.860000E-8 1.666667E-8 1.616667E-8 1.686667E-8 1.656667E-8 1.495667E-7 -1.515333E-9 0.000000E+0 1.013147E-2
7.600000E+1 2.300000E+5 1.260020E+5 3.110020E+5 1.077667E-7 1.065667E-7 2.843333E-8 3.913333E-8 1.690000E-8 1.646667E-8 1.713333E-8 1.676667E-8 1.517000E-7 -1.530333E-9 0.000000E+0 1.008791E-2
7.700000E+1 2.300000E+5 1.270020E+5 3.110020E+5 1.069667E-7 1.053333E-7 2.813333E-8 3.873333E-8 1.670000E-8 1.623333E-8 1.690000E-8 1.660000E-8 1.500333E-7 -1.519000E-9 0.000000E+0 1.012445E-2
7.800000E+1 2.300000E+5 1.279980E+5 3.110020E+5 1.062000E-7 1.048333E-7 2.796667E-8 3.853333E-8 1.660000E-8 1.620000E-8 1.683333E-8 1.650000E-8 1.493000E-7 -1.507333E-9 0.000000E+0 1.009600E-2
7.900000E+1 2.300000E+5 1.290000E+5 3.110020E+5 1.078667E-7 1.064000E-7 2.840000E-8 3.910000E-8 1.686667E-8 1.640000E-8 1.706667E-8 1.676667E-8 1.515333E-7 -1.537000E-9 0.000000E+0 1.014295E-2
8.000000E+1 2.300000E+5 1.300020E+5 3.110020E+5 1.067667E-7 1.056333E-7 2.816667E-8 3.873333E-8 1.673333E-8 1.630000E-8 1.700000E-8 1.663333E-8 1.504333E-7 -1.530333E-9 0.000000E+0 1.017283E-2
8.100000E+1 2.300000E+5 1.310020E+5 3.110020E+5 1.062000E-7 1.047667E-7 2.796667E-8 3.846667E-8 1.660000E-8 1.616667E-8 1.683333E-8 1.650000E-8 1.492000E-7 -1.515333E-9 0.000000E+0 1.015640E-2
8.200000E+1 2.300000E+5 1.319980E+5 3.110020E+5 1.065000E-7 1.053333E-7 2.806667E-8 3.863333E-8 1.670000E-8 1.626667E-8 1.690000E-8 1.660000E-8 1.499333E-7 -1.529000E-9 0.000000E+0 1.019789E-2
8.300000E+1 2.300000E+5 1.330000E+5 3.110020E+5 1.076333E-7 1.065000E-7 2.843333E-8 3.903333E-8 1.690000E-8 1.643333E-8 1.710000E-8 1.676667E-8 1.516000E-7 -1.545667E-9 0.000000E+0 1.019572E-2
8.400000E+1 2.300000E+5 1.340020E+5 3.110020E+5 1.068000E-7 1.055667E-7 2.813333E-8 3.873333E-8 1.670000E-8 1.630000E-8 1.696667E-8 1.663333E-8 1.502000E-7 -1.532333E-9 0.000000E+0 1.020195E-2
8.500000E+1 2.300000E+5 1.350020E+5 3.110020E+5 1.073667E-7 1.057667E-7 2.826667E-8 3.890000E-8 1.676667E-8 1.630000E-8 1.700000E-8 1.670000E-8 1.507000E-7 -1.539667E-9 0.000000E+0 1.021673E-2
8.600000E+1 2.300000E+5 1.359980E+5 3.110020E+5 1.074667E-7 1.060333E-7 2.830000E-8 3.893333E-8 1.683333E-8 1.633333E-8 1.703333E-8 1.673333E-8 1.509667E-7 -1.546000E-9 0.000000E+0 1.024065E-2
8.700000E+1 2.300000E+5 1.370000E+5 3.110020E+5 1.070000E-7 1.058333E-7 2.823333E-8 3.880000E-8 1.676667E-8 1.630000E-8 1.700000E-8 1.670000E-8 1.506333E-7 -1.541000E-9 0.000000E+0 1.023015E-2
8.800000E+1 2.300000E+5 1.380020E+5 3.110020E+5 1.068667E-7 1.058333E-7 2.823333E-8 3.876667E-8 1.680000E-8 1.636667E-8 1.703333E-8 1.666667E-8 1.505667E-7 -1.540333E-9 0.000000E+0 1.023023E-2
8.900000E+1 2.300000E+5 1.390020E+5 3.110020E+5 1.070000E-7 1.056667E-7 2.820000E-8 3.880000E-8 1.673333E-8 1.630000E-8 1.700000E-8 1.666667E-8 1.504000E-7 -1.543000E-9 0.000000E+0 1.025932E-2
9.000000E+1 2.300000E+5 1.399980E+5 3.110020E+5 1.070333E-7 1.059333E-7 2.823333E-8 3.883333E-8 1.680000E-8 1.636667E-8 1.700000E-8 1.670000E-8 1.507333E-7 -1.543333E-9 0.000000E+0 1.023883E-2
9.100000E+1 2.300000E+5 1.410000E+5 3.110020E+5 1.072333E-7 1.062333E-7 2.830000E-8 3.890000E-8 1.683333E-8 1.636667E-8 1.706667E-8 1.673333E-8 1.511667E-7 -1.554333E-9 0.000000E+0 1.028217E-2
9.200000E+1 2.300000E+5 1.420020E+5 3.110020E+5 1.084667E-7 1.072667E-7 2.860000E-8 3.936667E-8 1.700000E-8 1.656667E-8 1.720000E-8 1.690000E-8 1.526667E-7 -1.566000E-9 0.000000E+0 1.025765E-2
9.300000E+1 2.300000E+5 1.430020E+5 3.110020E+5 1.067667E-7 1.055667E-7 2.813333E-8 3.870000E-8 1.673333E-8 1.630000E-8 1.696667E-8 1.663333E-8 1.502667E-7 -1.556000E-9 0.000000E+0 1.035493E-2
9.400000E+1 2.300000E+5 1.439980E+5 3.110020E+5 1.077667E-7 1.069000E-7 2.846667E-8 3.913333E-8 1.696667E-8 1.653333E-8 1.716667E-8 1.686667E-8 1.521333E-7 -1.568333E-9 0.000000E+0 1.030903E-2
9.500000E+1 2.300000E+5 1.450000E+5 3.110020E+5 1.078667E-7 1.075000E-7 2.860000E-8 3.920000E-8 1.703333E-8 1.666667E-8 1.726667E-8 1.696667E-8 1.527667E-7 -1.578667E-9 0.000000E+0 1.033399E-2
9.600000E+1 2.300000E+5 1.460020E+5 3.110020E+5 1.067333E-7 1.055667E-7 2.810000E-8 3.870000E-8 1.670000E-8 1.630000E-8 1.693333E-8 1.663333E-8 1.502333E-7 -1.554000E-9 0.000000E+0 1.034393E-2
9.700000E+1 2.300000E+5 1.470020E+5 3.110020E+5 1.069667E-7 1.056667E-7 2.820000E-8 3.876667E-8 1.673333E-8 1.630000E-8 1.696667E-8 1.666667E-8 1.504000E-7 -1.551333E-9 0.000000E+0 1.031472E-2
9.800000E+1 2.300000E+5 1.479980E+5 3.110020E+5 1.069667E-7 1.056667E-7 2.820000E-8 3.880000E-8 1.676667E-8 1.630000E-8 1.696667E-8 1.666667E-8 1.504000E-7 -1.557333E-9 0.000000E+0 1.035461E-2
9.900000E+1 2.300000E+5 1.490000E+5 3.110020E+5 1.069000E-7 1.055667E-7 2.813333E-8 3.876667E-8 1.673333E-8 1.633333E-8 1.696667E-8 1.663333E-8 1.503000E-7 -1.554667E-9 0.000000E+0 1.034378E-2
1.000000E+2 2.300000E+5 1.500020E+5 3.110020E+5 1.069000E-7 1.056000E-7 2.820000E-8 3.876667E-8 1.673333E-8 1.630000E-8 1.696667E-8 1.666667E-8 1.503667E-7 -1.559667E-9 0.000000E+0 1.037241E-2
1.010000E+2 2.300000E+5 1.510020E+5 3.110020E+5 1.068667E-7 1.055667E-7 2.816667E-8 3.873333E-8 1.670000E-8 1.630000E-8 1.693333E-8 1.663333E-8 1.503000E-7 -1.556333E-9 0.000000E+0 1.035485E-2
1.020000E+2 2.300000E+5 1.519980E+5 3.110020E+5 1.070333E-7 1.058333E-7 2.820000E-8 3.883333E-8 1.680000E-8 1.633333E-8 1.700000E-8 1.670000E-8 1.506333E-7 -1.558333E-9 0.000000E+0 1.034521E-2
1.030000E+2 2.300000E+5 1.530000E+5 3.110020E+5 1.067667E-7 1.055000E-7 2.810000E-8 3.870000E-8 1.670000E-8 1.630000E-8 1.690000E-8 1.660000E-8 1.502000E-7 -1.556000E-9 0.000000E+0 1.035952E-2
1.040000E+2 2.300000E+5 1.540020E+5 3.110020E+5 1.067000E-7 1.054333E-7 2.810000E-8 3.870000E-8 1.670000E-8 1.630000E-8 1.690000E-8 1.660000E-8 1.501000E-7 -1.560000E-9 0.000000E+0 1.039308E-2
1.050000E+2 2.300000E+5 1.550020E+5 3.110020E+5 1.070333E-7 1.056333E-7 2.820000E-8 3.880000E-8 1.673333E-8 1.630000E-8 1.696667E-8 1.663333E-8 1.504000E-7 -1.563667E-9 0.000000E+0 1.039672E-2
1.060000E+2 2.300000E+5 1.559980E+5 3.110020E+5 1.066333E-7 1.054000E-7 2.810000E-8 3.866667E-8 1.670000E-8 1.630000E-8 1.690000E-8 1.660000E-8 1.500333E-7 -1.560000E-9 0.000000E+0 1.039769E-2
1.070000E+2 2.300000E+5 1.570000E+5 3.110020E+5 1.067667E-7 1.054667E-7 2.813333E-8 3.873333E-8 1.670000E-8 1.630000E-8 1.690000E-8 1.660000E-8 1.501333E-7 -1.557000E-9 0.000000E+0 1.037077E-2
1.080000E+2 2.300000E+5 1.580020E+5 3.110020E+5 1.066667E-7 1.054667E-7 2.810000E-8 3.870000E-8 1.673333E-8 1.630000E-8 1.690000E-8 1.660000E-8 1.501000E-7 -1.561333E-9 0.000000E+0 1.040198E-2
1.090000E+2 2.300000E+5 1.590020E+5 3.110020E+5 1.066000E-7 1.055000E-7 2.813333E-8 3.866667E-8 1.673333E-8 1.633333E-8 1.693333E-8 1.663333E-8 1.501000E-7 -1.557333E-9 0.000000E+0 1.037524E-2
1.100000E+2 2.300000E+5 1.599980E+5 3.110020E+5 1.079333E-7 1.068333E-7 2.850000E-8 3.913333E-8 1.700000E-8 1.650000E-8 1.716667E-8 1.676667E-8 1.519667E-7 -1.583333E-9 0.000000E+0 1.041885E-2
1.110000E+2 2.300000E+5 1.610000E+5 3.110020E+5 1.068333E-7 1.051667E-7 2.806667E-8 3.870000E-8 1.670000E-8 1.620000E-8 1.686667E-8 1.653333E-8 1.497667E-7 -1.556667E-9 0.000000E+0 1.039395E-2
1.120000E+2 2.300000E+5 1.620020E+5 3.110020E+5 1.069333E-7 1.055000E-7 2.813333E-8 3.876667E-8 1.670000E-8 1.630000E-8 1.690000E-8 1.663333E-8 1.502000E-7 -1.565000E-9 0.000000E+0 1.041944E-2
1.130000E+2 2.300000E+5 1.630020E+5 3.110020E+5 1.068000E-7 1.055333E-7 2.813333E-8 3.873333E-8 1.670000E-8 1.630000E-8 1.693333E-8 1.663333E-8 1.502667E-7 -1.569000E-9 0.000000E+0 1.044144E-2
1.140000E+2 2.300000E+5 1.639980E+5 3.110020E+5 1.068000E-7 1.057000E-7 2.816667E-8 3.873333E-8 1.676667E-8 1.636667E-8 1.696667E-8 1.666667E-8 1.504667E-7 -1.569667E-9 0.000000E+0 1.043198E-2
1.150000E+2 2.300000E+5 1.650000E+5 3.110020E+5 1.074667E-7 1.061667E-7 2.830000E-8 3.900000E-8 1.680000E-8 1.640000E-8 1.700000E-8 1.676667E-8 1.511000E-7 -1.575667E-9 0.000000E+0 1.042798E-2
1.160000E+2 2.300000E+5 1.660020E+5 3.110020E+5 1.069667E-7 1.057333E-7 2.820000E-8 3.883333E-8 1.676667E-8 1.633333E-8 1.700000E-8 1.670000E-8 1.505333E-7 -1.574667E-9 0.000000E+0 1.046058E-2
1.170000E+2 2.300000E+5 1.670020E+5 3.110020E+5 1.072667E-7 1.059333E-7 2.826667E-8 3.890000E-8 1.680000E-8 1.636667E-8 1.700000E-8 1.670000E-8 1.508000E-7 -1.568667E-9 0.000000E+0 1.040231E-2
1.180000E+2 2.300000E+5 1.679980E+5 3.110020E+5 1.066333E-7 1.052333E-7 2.806667E-8 3.863333E-8 1.670000E-8 1.626667E-8 1.690000E-8 1.660000E-8 1.498333E-7 -1.565333E-9 0.000000E+0 1.044715E-2
1.190000E+2 2.300000E+5 1.690000E+5 3.110020E+5 1.065333E-7 1.053667E-7 2.810000E-8 3.866667E-8 1.670000E-8 1.630000E-8 1.690000E-8 1.660000E-8 1.499667E-7 -1.570000E-9 0.000000E+0 1.046899E-2
1.200000E+2 2.300000E+5 1.700020E+5 3.110020E+5 1.066000E-7 1.051000E-7 2.800000E-8 3.863333E-8 1.670000E-8 1.623333E-8 1.690000E-8 1.660000E-8 1.496333E-7 -1.565000E-9 0.000000E+0 1.045888E-2
1.210000E+2 2.300000E+5 1.710020E+5 3.110020E+5 1.066333E-7 1.053667E-7 2.810000E-8 3.866667E-8 1.670000E-8 1.630000E-8 1.690000E-8 1.660000E-8 1.499000E-7 -1.563667E-9 0.000000E+0 1.043141E-2
1.220000E+2 2.300000E+5 1.719980E+5 3.110020E+5 1.072333E-7 1.059333E-7 2.826667E-8 3.890000E-8 1.680000E-8 1.640000E-8 1.700000E-8 1.670000E-8 1.507667E-7 -1.577667E-9 0.000000E+0 1.046426E-2
1.230000E+2 2.300000E+5 1.730000E+5 3.110020E+5 1.076333E-7 1.062333E-7 2.833333E-8 3.900000E-8 1.680000E-8 1.643333E-8 1.700000E-8 1.676667E-8 1.512333E-7 -1.576333E-9 0.000000E+0 1.042317E-2
1.240000E+2 2.300000E+5 1.740020E+5 3.110020E+5 1.076333E-7 1.062000E-7 2.833333E-8 3.903333E-8 1.680000E-8 1.640000E-8 1.700000E-8 1.680000E-8 1.511667E-7 -1.578667E-9 0.000000E+0 1.044321E-2
1.250000E+2 2.300000E+5 1.750020E+5 3.110020E+5 1.076000E-7 1.063000E-7 2.833333E-8 3.900000E-8 1.683333E-8 1.646667E-8 1.703333E-8 1.680000E-8 1.513667E-7 -1.582000E-9 0.000000E+0 1.045144E-2
1.260000E+2 2.300000E+5 1.759980E+5 3.110020E+5 1.073000E-7 1.060000E-7 2.826667E-8 3.890000E-8 1.680000E-8 1.640000E-8 1.700000E-8 1.670000E-8 1.509000E-7 -1.574333E-9 0.000000E+0 1.043296E-2
1.270000E+2 2.300000E+5 1.770000E+5 3.110020E+5 1.062333E-7 1.050000E-7 2.800000E-8 3.850000E-8 1.666667E-8 1.620000E-8 1.690000E-8 1.653333E-8 1.494667E-7 -1.566333E-9 0.000000E+0 1.047948E-2
1.280000E+2 2.300000E+5 1.780020E+5 3.110020E+5 1.062667E-7 1.050333E-7 2.800000E-8 3.850000E-8 1.670000E-8 1.620000E-8 1.686667E-8 1.653333E-8 1.495333E-7 -1.567000E-9 0.000000E+0 1.047926E-2
1.290000E+2 2.300000E+5 1.790020E+5 3.110020E+5 1.063000E-7 1.049667E-7 2.800000E-8 3.856667E-8 1.670000E-8 1.620000E-8 1.683333E-8 1.650000E-8 1.494667E-7 -1.564000E-9 0.000000E+0 1.046386E-2
1.300000E+2 2.300000E+5 1.799980E+5 3.110020E+5 1.066000E-7 1.054000E-7 2.810000E-8 3.866667E-8 1.670000E-8 1.630000E-8 1.690000E-8 1.660000E-8 1.500000E-7 -1.567000E-9 0.000000E+0 1.044665E-2
1.310000E+2 2.300000E+5 1.810000E+5 3.110020E+5 1.065667E-7 1.053333E-7 2.806667E-8 3.863333E-8 1.673333E-8 1.626667E-8 1.690000E-8 1.656667E-8 1.499000E-7 -1.574667E-9 0.000000E+0 1.050486E-2
1.320000E+2 2.300000E+5 1.820020E+5 3.110020E+5 1.068000E-7 1.055000E-7 2.813333E-8 3.870000E-8 1.670000E-8 1.630000E-8 1.690000E-8 1.663333E-8 1.502333E-7 -1.574000E-9 0.000000E+0 1.047704E-2
1.330000E+2 2.300000E+5 1.830020E+5 3.110020E+5 1.063667E-7 1.051000E-7 2.800000E-8 3.856667E-8 1.670000E-8 1.620000E-8 1.690000E-8 1.650000E-8 1.496000E-7 -1.567000E-9 0.000000E+0 1.047460E-2
1.340000E+2 2.300000E+5 1.839980E+5 3.110020E+5 1.066667E-7 1.054667E-7 2.810000E-8 3.870000E-8 1.670000E-8 1.633333E-8 1.690000E-8 1.663333E-8 1.500667E-7 -1.571000E-9 0.000000E+0 1.046867E-2
1.350000E+2 2.300000E+5 1.850000E+5 3.110020E+5 1.070000E-7 1.058000E-7 2.820000E-8 3.880000E-8 1.680000E-8 1.640000E-8 1.700000E-8 1.670000E-8 1.505667E-7 -1.581333E-9 0.000000E+0 1.050254E-2
1.360000E+2 2.300000E+5 1.860020E+5 3.110020E+5 1.066333E-7 1.052667E-7 2.806667E-8 3.866667E-8 1.670000E-8 1.626667E-8 1.690000E-8 1.660000E-8 1.498333E-7 -1.569667E-9 0.000000E+0 1.047610E-2
1.370000E+2 2.300000E+5 1.870020E+5 3.110020E+5 1.069667E-7 1.057667E-7 2.820000E-8 3.880000E-8 1.676667E-8 1.640000E-8 1.693333E-8 1.670000E-8 1.505333E-7 -1.576333E-9 0.000000E+0 1.047169E-2
1.380000E+2 2.300000E+5 1.879980E+5 3.110020E+5 1.070667E-7 1.058000E-7 2.820000E-8 3.880000E-8 1.676667E-8 1.640000E-8 1.696667E-8 1.670000E-8 1.505667E-7 -1.576667E-9 0.000000E+0 1.047155E-2
1.390000E+2 2.300000E+5 1.890000E+5 3.110020E+5 1.069333E-7 1.057333E-7 2.820000E-8 3.880000E-8 1.680000E-8 1.640000E-8 1.696667E-8 1.670000E-8 1.504667E-7 -1.573333E-9 0.000000E+0 1.045635E-2
1.400000E+2 2.300000E+5 1.900020E+5 3.110020E+5 1.070000E-7 1.058333E-7 2.820000E-8 3.880000E-8 1.680000E-8 1.640000E-8 1.696667E-8 1.670000E-8 1.505667E-7 -1.576000E-9 0.000000E+0 1.046714E-2
1.410000E+2 2.300000E+5 1.910020E+5 3.110020E+5 1.070333E-7 1.058333E-7 2.820000E-8 3.880000E-8 1.680000E-8 1.636667E-8 1.700000E-8 1.670000E-8 1.505667E-7 -1.585333E-9 0.000000E+0 1.052909E-2
1.420000E+2 2.300000E+5 1.919980E+5 3.110020E+5 1.072667E-7 1.065333E-7 2.836667E-8 3.896667E-8 1.690000E-8 1.650000E-8 1.706667E-8 1.683333E-8 1.514667E-7 -1.589000E-9 0.000000E+0 1.049073E-2
1.430000E+2 2.300000E+5 1.930000E+5 3.110020E+5 1.075667E-7 1.063667E-7 2.836667E-8 3.900000E-8 1.680000E-8 1.646667E-8 1.700000E-8 1.680000E-8 1.513000E-7 -1.589667E-9 0.000000E+0 1.050673E-2
1.440000E+2 2.300000E+5 1.940020E+5 3.110020E+5 1.072667E-7 1.059333E-7 2.826667E-8 3.890000E-8 1.680000E-8 1.640000E-8 1.700000E-8 1.670000E-8 1.507333E-7 -1.576333E-9 0.000000E+0 1.045776E-2
1.450000E+2 2.300000E+5 1.950020E+5 3.110020E+5 1.070000E-7 1.057667E-7 2.820000E-8 3.880000E-8 1.676667E-8 1.640000E-8 1.696667E-8 1.670000E-8 1.505333E-7 -1.584000E-9 0.000000E+0 1.052258E-2
1.460000E+2 2.300000E+5 1.959980E+5 3.110020E+5 1.068667E-7 1.055667E-7 2.816667E-8 3.876667E-8 1.670000E-8 1.630000E-8 1.690000E-8 1.666667E-8 1.502667E-7 -1.576667E-9 0.000000E+0 1.049247E-2
1.470000E+2 2.300000E+5 1.970000E+5 3.110020E+5 1.092000E-7 1.079333E-7 2.880000E-8 3.963333E-8 1.706667E-8 1.666667E-8 1.723333E-8 1.703333E-8 1.536000E-7 -1.611000E-9 0.000000E+0 1.048830E-2
1.480000E+2 2.300000E+5 1.980020E+5 3.110020E+5 1.066333E-7 1.053333E-7 2.810000E-8 3.866667E-8 1.670000E-8 1.630000E-8 1.690000E-8 1.660000E-8 1.499667E-7 -1.568333E-9 0.000000E+0 1.045787E-2
1.490000E+2 2.300000E+5 1.990020E+5 3.110020E+5 1.070667E-7 1.057000E-7 2.820000E-8 3.880000E-8 1.676667E-8 1.633333E-8 1.693333E-8 1.666667E-8 1.504333E-7 -1.576000E-9 0.000000E+0 1.047641E-2
1.500000E+2 2.300000E+5 1.999980E+5 3.110020E+5 1.072000E-7 1.059000E-7 2.823333E-8 3.886667E-8 1.680000E-8 1.640000E-8 1.700000E-8 1.670000E-8 1.507000E-7 -1.576000E-9 0.000000E+0 1.045787E-2
1.510000E+2 2.300000E+5 2.010000E+5 3.110020E+5 1.066000E-7 1.052333E-7 2.806667E-8 3.863333E-8 1.670000E-8 1.630000E-8 1.690000E-8 1.660000E-8 1.497667E-7 -1.568000E-9 0.000000E+0 1.046961E-2
1.520000E+2 2.300000E+5 2.020020E+5 3.110020E+5 1.063667E-7 1.051667E-7 2.803333E-8 3.853333E-8 1.670000E-8 1.623333E-8 1.690000E-8 1.656667E-8 1.496333E-7 -1.565000E-9 0.000000E+0 1.045890E-2
1.530000E+2 2.300000E+5 2.030020E+5 3.110020E+5 1.069000E-7 1.056667E-7 2.816667E-8 3.876667E-8 1.673333E-8 1.636667E-8 1.690000E-8 1.670000E-8 1.503667E-7 -1.574333E-9 0.000000E+0 1.046997E-2
1.540000E+2 2.300000E+5 2.039980E+5 3.110020E+5 1.070000E-7 1.057000E-7 2.820000E-8 3.880000E-8 1.673333E-8 1.640000E-8 1.690000E-8 1.670000E-8 1.504333E-7 -1.578333E-9 0.000000E+0 1.049194E-2
1.550000E+2 2.300000E+5 2.050000E+5 3.110020E+5 1.071333E-7 1.057667E-7 2.820000E-8 3.883333E-8 1.680000E-8 1.640000E-8 1.693333E-8 1.670000E-8 1.505667E-7 -1.579333E-9 0.000000E+0 1.048927E-2
1.560000E+2 2.300000E+5 2.060020E+5 3.110020E+5 1.068333E-7 1.055000E-7 2.813333E-8 3.873333E-8 1.670000E-8 1.630000E-8 1.690000E-8 1.660000E-8 1.501667E-7 -1.578000E-9 0.000000E+0 1.050832E-2
1.570000E+2 2.300000E+5 2.070020E+5 3.110020E+5 1.069000E-7 1.056667E-7 2.820000E-8 3.880000E-8 1.670000E-8 1.636667E-8 1.690000E-8 1.670000E-8 1.503333E-7 -1.574667E-9 0.000000E+0 1.047452E-2
1.580000E+2 2.300000E+5 2.079980E+5 3.110020E+5 1.070000E-7 1.056667E-7 2.816667E-8 3.880000E-8 1.673333E-8 1.633333E-8 1.693333E-8 1.666667E-8 1.503333E-7 -1.587000E-9 0.000000E+0 1.055654E-2
1.590000E+2 2.300000E+5 2.090000E+5 3.110020E+5 1.071333E-7 1.057667E-7 2.820000E-8 3.880000E-8 1.680000E-8 1.640000E-8 1.693333E-8 1.670000E-8 1.505667E-7 -1.578000E-9 0.000000E+0 1.048040E-2
1.600000E+2 2.300000E+5 2.100020E+5 3.110020E+5 1.074000E-7 1.062000E-7 2.830000E-8 3.896667E-8 1.680000E-8 1.646667E-8 1.700000E-8 1.680000E-8 1.511000E-7 -1.583667E-9 0.000000E+0 1.048091E-2
1.610000E+2 2.300000E+5 2.110020E+5 3.110020E+5 1.126333E-7 1.119667E-7 2.983333E-8 4.093333E-8 1.780000E-8 1.730000E-8 1.800000E-8 1.760000E-8 1.592333E-7 -1.671667E-9 0.000000E+0 1.049819E-2
1.620000E+2 2.300000E+5 2.119980E+5 3.110020E+5 1.075000E-7 1.060000E-7 2.826667E-8 3.893333E-8 1.680000E-8 1.640000E-8 1.700000E-8 1.673333E-8 1.509000E-7 -1.584667E-9 0.000000E+0 1.050145E-2
1.630000E+2 2.300000E+5 2.130000E+5 3.110020E+5 1.069000E-7 1.056000E-7 2.816667E-8 3.876667E-8 1.673333E-8 1.630000E-8 1.690000E-8 1.666667E-8 1.503000E-7 -1.573333E-9 0.000000E+0 1.046796E-2
1.640000E+2 2.300000E+5 2.140020E+5 3.110020E+5 1.076000E-7 1.063000E-7 2.836667E-8 3.900000E-8 1.680000E-8 1.646667E-8 1.700000E-8 1.680000E-8 1.512667E-7 -1.588667E-9 0.000000E+0 1.050244E-2
1.650000E+2 2.300000E+5 2.150020E+5 3.110020E+5 1.069667E-7 1.056667E-7 2.820000E-8 3.880000E-8 1.676667E-8 1.630000E-8 1.690000E-8 1.666667E-8 1.503667E-7 -1.579000E-9 0.000000E+0 1.050099E-2
1.660000E+2 2.300000E+5 2.159980E+5 3.110020E+5 1.071000E-7 1.059667E-7 2.823333E-8 3.883333E-8 1.676667E-8 1.640000E-8 1.696667E-8 1.670000E-8 1.507333E-7 -1.579333E-9 0.000000E+0 1.047769E-2
1.670000E+2 2.300000E+5 2.170000E+5 3.110020E+5 1.066333E-7 1.051667E-7 2.803333E-8 3.866667E-8 1.670000E-8 1.623333E-8 1.690000E-8 1.656667E-8 1.497333E-7 -1.564333E-9 0.000000E+0 1.044746E-2
1.680000E+2 2.300000E+5 2.180020E+5 3.110020E+5 1.063667E-7 1.050667E-7 2.800000E-8 3.856667E-8 1.670000E-8 1.620000E-8 1.690000E-8 1.653333E-8 1.495333E-7 -1.562333E-9 0.000000E+0 1.044805E-2
1.690000E+2 2.300000E+5 2.190020E+5 3.110020E+5 1.062333E-7 1.049667E-7 2.800000E-8 3.850000E-8 1.670000E-8 1.620000E-8 1.690000E-8 1.650000E-8 1.494000E-7 -1.562667E-9 0.000000E+0 1.045962E-2
1.700000E+2 2.300000E+5 2.199980E+5 3.110020E+5 1.062667E-7 1.049667E-7 2.800000E-8 3.850000E-8 1.670000E-8 1.620000E-8 1.690000E-8 1.650000E-8 1.494000E-7 -1.561667E-9 0.000000E+0 1.045291E-2
1.710000E+2 2.300000E+5 2.210000E+5 3.110020E+5 1.065333E-7 1.053667E-7 2.810000E-8 3.863333E-8 1.670000E-8 1.630000E-8 1.690000E-8 1.660000E-8 1.499333E-7 -1.577000E-9 0.000000E+0 1.051801E-2
1.720000E+2 2.300000E+5 2.220020E+5 3.110020E+5 1.069667E-7 1.057333E-7 2.816667E-8 3.880000E-8 1.673333E-8 1.640000E-8 1.693333E-8 1.670000E-8 1.504667E-7 -1.584667E-9 0.000000E+0 1.053170E-2
1.730000E+2 2.300000E+5 2.230020E+5 3.110020E+5 1.068333E-7 1.055000E-7 2.810000E-8 3.873333E-8 1.673333E-8 1.630000E-8 1.690000E-8 1.660000E-8 1.501333E-7 -1.574000E-9 0.000000E+0 1.048403E-2
1.740000E+2 2.300000E+5 2.239980E+5 3.110020E+5 1.068000E-7 1.055667E-7 2.816667E-8 3.873333E-8 1.670000E-8 1.630000E-8 1.690000E-8 1.663333E-8 1.502333E-7 -1.571333E-9 0.000000E+0 1.045927E-2
1.750000E+2 2.300000E+5 2.250000E+5 3.110020E+5 1.064667E-7 1.052000E-7 2.806667E-8 3.860000E-8 1.670000E-8 1.623333E-8 1.690000E-8 1.656667E-8 1.497333E-7 -1.562000E-9 0.000000E+0 1.043187E-2
1.760000E+2 2.300000E+5 2.260020E+5 3.110020E+5 1.063333E-7 1.051667E-7 2.803333E-8 3.856667E-8 1.670000E-8 1.623333E-8 1.690000E-8 1.653333E-8 1.496667E-7 -1.579667E-9 0.000000E+0 1.055456E-2
1.770000E+2 2.300000E+5 2.270020E+5 3.110020E+5 1.065000E-7 1.052000E-7 2.806667E-8 3.860000E-8 1.670000E-8 1.623333E-8 1.690000E-8 1.656667E-8 1.497667E-7 -1.570000E-9 0.000000E+0 1.048297E-2
1.780000E+2 2.300000E+5 2.279980E+5 3.110020E+5 1.064333E-7 1.051333E-7 2.803333E-8 3.860000E-8 1.670000E-8 1.620000E-8 1.690000E-8 1.653333E-8 1.496667E-7 -1.571667E-9 0.000000E+0 1.050111E-2
1.790000E+2 2.300000E+5 2.290000E+5 3.110020E+5 1.063000E-7 1.050333E-7 2.800000E-8 3.853333E-8 1.670000E-8 1.620000E-8 1.690000E-8 1.650000E-8 1.495333E-7 -1.569667E-9 0.000000E+0 1.049710E-2
1.800000E+2 2.300000E+5 2.300020E+5 3.110020E+5 1.064000E-7 1.051667E-7 2.803333E-8 3.860000E-8 1.670000E-8 1.620000E-8 1.690000E-8 1.650000E-8 1.496333E-7 -1.565333E-9 0.000000E+0 1.046113E-2
1.810000E+2 2.300000E+5 2.310020E+5 3.110020E+5 1.062333E-7 1.049667E-7 2.800000E-8 3.850000E-8 1.670000E-8 1.620000E-8 1.690000E-8 1.650000E-8 1.494333E-7 -1.564667E-9 0.000000E+0 1.047067E-2
1.820000E+2 2.300000E+5 2.319980E+5 3.110020E+5 1.065667E-7 1.053000E-7 2.810000E-8 3.863333E-8 1.670000E-8 1.630000E-8 1.690000E-8 1.660000E-8 1.499333E-7 -1.573000E-9 0.000000E+0 1.049133E-2
1.830000E+2 2.300000E+5 2.330000E+5 3.110020E+5 1.065333E-7 1.053000E-7 2.810000E-8 3.863333E-8 1.670000E-8 1.630000E-8 1.690000E-8 1.656667E-8 1.499000E-7 -1.576667E-9 0.000000E+0 1.051813E-2
1.840000E+2 2.300000E+5 2.340020E+5 3.110020E+5 1.065333E-7 1.053000E-7 2.810000E-8 3.863333E-8 1.670000E-8 1.626667E-8 1.690000E-8 1.660000E-8 1.499000E-7 -1.582333E-9 0.000000E+0 1.055594E-2
1.850000E+2 2.300000E+5 2.350020E+5 3.110020E+5 1.066333E-7 1.053667E-7 2.810000E-8 3.870000E-8 1.670000E-8 1.630000E-8 1.690000E-8 1.660000E-8 1.500000E-7 -1.575333E-9 0.000000E+0 1.050222E-2
1.860000E+2 2.300000E+5 2.359980E+5 3.110020E+5 1.065000E-7 1.053000E-7 2.810000E-8 3.863333E-8 1.670000E-8 1.626667E-8 1.690000E-8 1.656667E-8 1.498333E-7 -1.574667E-9 0.000000E+0 1.050946E-2
1.870000E+2 2.300000E+5 2.370000E+5 3.110020E+5 1.067000E-7 1.055333E-7 2.810000E-8 3.870000E-8 1.670000E-8 1.630000E-8 1.690000E-8 1.660000E-8 1.501333E-7 -1.572667E-9 0.000000E+0 1.047512E-2
1.880000E+2 2.300000E+5 2.380020E+5 3.110020E+5 1.067000E-7 1.054667E-7 2.810000E-8 3.870000E-8 1.670000E-8 1.630000E-8 1.690000E-8 1.660000E-8 1.501000E-7 -1.573333E-9 0.000000E+0 1.048190E-2
1.890000E+2 2.300000E+5 2.390020E+5 3.110020E+5 1.068000E-7 1.055667E-7 2.810000E-8 3.870000E-8 1.670000E-8 1.633333E-8 1.690000E-8 1.666667E-8 1.502333E-7 -1.579000E-9 0.000000E+0 1.051032E-2
1.900000E+2 2.300000E+5 2.399980E+5 3.110020E+5 1.075333E-7 1.065667E-7 2.840000E-8 3.903333E-8 1.686667E-8 1.653333E-8 1.706667E-8 1.683333E-8 1.516000E-7 -1.593667E-9 0.000000E+0 1.051232E-2
1.910000E+2 2.300000E+5 2.410000E+5 3.110020E+5 1.070000E-7 1.056667E-7 2.820000E-8 3.880000E-8 1.676667E-8 1.633333E-8 1.690000E-8 1.670000E-8 1.504333E-7 -1.579667E-9 0.000000E+0 1.050077E-2
1.920000E+2 2.300000E+5 2.420020E+5 3.110020E+5 1.069333E-7 1.057000E-7 2.820000E-8 3.880000E-8 1.673333E-8 1.633333E-8 1.690000E-8 1.666667E-8 1.504333E-7 -1.574667E-9 0.000000E+0 1.046754E-2
1.930000E+2 2.300000E+5 2.430020E+5 3.110020E+5 1.068000E-7 1.055000E-7 2.810000E-8 3.870000E-8 1.670000E-8 1.630000E-8 1.690000E-8 1.660000E-8 1.501667E-7 -1.578667E-9 0.000000E+0 1.051276E-2
1.940000E+2 2.300000E+5 2.439980E+5 3.110020E+5 1.064000E-7 1.051333E-7 2.806667E-8 3.860000E-8 1.670000E-8 1.623333E-8 1.690000E-8 1.653333E-8 1.497667E-7 -1.575667E-9 0.000000E+0 1.052082E-2
1.950000E+2 2.300000E+5 2.450000E+5 3.110020E+5 1.067333E-7 1.054333E-7 2.810000E-8 3.870000E-8 1.670000E-8 1.630000E-8 1.690000E-8 1.660000E-8 1.500000E-7 -1.570333E-9 0.000000E+0 1.046888E-2
1.960000E+2 2.300000E+5 2.460020E+5 3.110020E+5 1.066000E-7 1.053333E-7 2.810000E-8 3.863333E-8 1.670000E-8 1.626667E-8 1.690000E-8 1.660000E-8 1.499000E-7 -1.572333E-9 0.000000E+0 1.048923E-2
1.970000E+2 2.300000E+5 2.470020E+5 3.110020E+5 1.064000E-7 1.051667E-7 2.800000E-8 3.860000E-8 1.670000E-8 1.620000E-8 1.690000E-8 1.650000E-8 1.497000E-7 -1.571667E-9 0.000000E+0 1.049876E-2
1.980000E+2 2.300000E+5 2.479980E+5 3.110020E+5 1.064667E-7 1.052000E-7 2.806667E-8 3.860000E-8 1.670000E-8 1.623333E-8 1.690000E-8 1.656667E-8 1.498333E-7 -1.572333E-9 0.000000E+0 1.049389E-2
1.990000E+2 2.300000E+5 2.490000E+5 3.110020E+5 1.067333E-7 1.054667E-7 2.810000E-8 3.870000E-8 1.670000E-8 1.630000E-8 1.690000E-8 1.660000E-8 1.501667E-7 -1.573000E-9 0.000000E+0 1.047503E-2
2.000000E+2 2.300000E+5 2.500020E+5 3.110020E+5 1.066333E-7 1.053333E-7 2.810000E-8 3.866667E-8 1.670000E-8 1.630000E-8 1.690000E-8 1.660000E-8 1.499000E-7 -1.571667E-9 0.000000E+0 1.048477E-2
2.010000E+2 2.300000E+5 2.510020E+5 3.110020E+5 1.068000E-7 1.055667E-7 2.813333E-8 3.870000E-8 1.670000E-8 1.630000E-8 1.690000E-8 1.666667E-8 1.503333E-7 -1.582667E-9 0.000000E+0 1.052771E-2
2.020000E+2 2.300000E+5 2.519980E+5 3.110020E+5 1.071000E-7 1.058000E-7 2.820000E-8 3.883333E-8 1.680000E-8 1.640000E-8 1.696667E-8 1.670000E-8 1.506000E-7 -1.574667E-9 0.000000E+0 1.045595E-2
2.030000E+2 2.300000E+5 2.530000E+5 3.110020E+5 1.073333E-7 1.060333E-7 2.830000E-8 3.893333E-8 1.683333E-8 1.643333E-8 1.703333E-8 1.676667E-8 1.512667E-7 -1.589667E-9 0.000000E+0 1.050903E-2
2.040000E+2 2.300000E+5 2.540020E+5 3.110020E+5 1.071333E-7 1.058333E-7 2.820000E-8 3.883333E-8 1.676667E-8 1.640000E-8 1.693333E-8 1.670000E-8 1.506000E-7 -1.577000E-9 0.000000E+0 1.047145E-2
2.050000E+2 2.300000E+5 2.550020E+5 3.110020E+5 1.069000E-7 1.056333E-7 2.820000E-8 3.880000E-8 1.673333E-8 1.630000E-8 1.690000E-8 1.666667E-8 1.503667E-7 -1.583000E-9 0.000000E+0 1.052761E-2
2.060000E+2 2.300000E+5 2.559980E+5 3.110020E+5 1.070667E-7 1.057667E-7 2.826667E-8 3.883333E-8 1.680000E-8 1.640000E-8 1.696667E-8 1.673333E-8 1.508667E-7 -1.588333E-9 0.000000E+0 1.052806E-2
2.070000E+2 2.300000E+5 2.570000E+5 3.110020E+5 1.069000E-7 1.056333E-7 2.820000E-8 3.880000E-8 1.670000E-8 1.633333E-8 1.690000E-8 1.666667E-8 1.503333E-7 -1.576667E-9 0.000000E+0 1.048780E-2
2.080000E+2 2.300000E+5 2.580020E+5 3.110020E+5 1.069667E-7 1.057000E-7 2.820000E-8 3.880000E-8 1.680000E-8 1.636667E-8 1.693333E-8 1.670000E-8 1.504667E-7 -1.582667E-9 0.000000E+0 1.051838E-2
2.090000E+2 2.300000E+5 2.590020E+5 3.110020E+5 1.067667E-7 1.055000E-7 2.810000E-8 3.870000E-8 1.670000E-8 1.630000E-8 1.690000E-8 1.660000E-8 1.502000E-7 -1.577000E-9 0.000000E+0 1.049933E-2
2.100000E+2 2.300000E+5 2.599980E+5 3.110020E+5 1.068000E-7 1.055000E-7 2.810000E-8 3.870000E-8 1.670000E-8 1.630000E-8 1.690000E-8 1.660000E-8 1.501667E-7 -1.574333E-9 0.000000E+0 1.048391E-2
2.110000E+2 2.300000E+5 2.610000E+5 3.110020E+5 1.069333E-7 1.056667E-7 2.820000E-8 3.880000E-8 1.673333E-8 1.633333E-8 1.690000E-8 1.666667E-8 1.503667E-7 -1.577667E-9 0.000000E+0 1.049214E-2
2.120000E+2 2.300000E+5 2.620020E+5 3.110020E+5 1.068333E-7 1.055333E-7 2.810000E-8 3.870000E-8 1.670000E-8 1.630000E-8 1.690000E-8 1.660000E-8 1.501667E-7 -1.574667E-9 0.000000E+0 1.048611E-2
2.130000E+2 2.300000E+5 2.630020E+5 3.110020E+5 1.069333E-7 1.056333E-7 2.820000E-8 3.880000E-8 1.676667E-8 1.630000E-8 1.693333E-8 1.666667E-8 1.503667E-7 -1.580667E-9 0.000000E+0 1.051208E-2
2.140000E+2 2.300000E+5 2.639980E+5 3.110020E+5 1.066000E-7 1.053333E-7 2.810000E-8 3.866667E-8 1.673333E-8 1.626667E-8 1.690000E-8 1.660000E-8 1.500667E-7 -1.579667E-9 0.000000E+0 1.052644E-2
2.150000E+2 2.300000E+5 2.650000E+5 3.110020E+5 1.069333E-7 1.056667E-7 2.820000E-8 3.880000E-8 1.676667E-8 1.636667E-8 1.693333E-8 1.670000E-8 1.504000E-7 -1.576667E-9 0.000000E+0 1.048316E-2
2.160000E+2 2.300000E+5 2.660020E+5 3.110020E+5 1.068000E-7 1.055000E-7 2.810000E-8 3.870000E-8 1.673333E-8 1.630000E-8 1.690000E-8 1.660000E-8 1.502333E-7 -1.572667E-9 0.000000E+0 1.046817E-2
2.170000E+2 2.300000E+5 2.670020E+5 3.110020E+5 1.067667E-7 1.055333E-7 2.810000E-8 3.870000E-8 1.670000E-8 1.630000E-8 1.690000E-8 1.660000E-8 1.500667E-7 -1.570667E-9 0.000000E+0 1.046643E-2
2.180000E+2 2.300000E+5 2.679980E+5 3.110020E+5 1.068667E-7 1.055667E-7 2.816667E-8 3.876667E-8 1.676667E-8 1.633333E-8 1.690000E-8 1.666667E-8 1.504000E-7 -1.584333E-9 0.000000E+0 1.053412E-2
2.190000E+2 2.300000E+5 2.690000E+5 3.110020E+5 1.069333E-7 1.056667E-7 2.820000E-8 3.876667E-8 1.673333E-8 1.636667E-8 1.690000E-8 1.670000E-8 1.504333E-7 -1.577333E-9 0.000000E+0 1.048528E-2
2.200000E+2 2.300000E+5 2.700020E+5 3.110020E+5 1.073667E-7 1.060667E-7 2.833333E-8 3.893333E-8 1.683333E-8 1.643333E-8 1.700000E-8 1.676667E-8 1.510667E-7 -1.583667E-9 0.000000E+0 1.048333E-2
2.210000E+2 2.300000E+5 2.710020E+5 3.110020E+5 1.071000E-7 1.058333E-7 2.820000E-8 3.883333E-8 1.676667E-8 1.640000E-8 1.696667E-8 1.670000E-8 1.505667E-7 -1.583333E-9 0.000000E+0 1.051582E-2
2.220000E+2 2.300000E+5 2.719980E+5 3.110020E+5 1.069000E-7 1.056000E-7 2.816667E-8 3.876667E-8 1.673333E-8 1.630000E-8 1.690000E-8 1.663333E-8 1.503333E-7 -1.572000E-9 0.000000E+0 1.045675E-2
2.230000E+2 2.300000E+5 2.730000E+5 3.110020E+5 1.067667E-7 1.055000E-7 2.813333E-8 3.870000E-8 1.673333E-8 1.630000E-8 1.690000E-8 1.660000E-8 1.502333E-7 -1.575000E-9 0.000000E+0 1.048369E-2
2.240000E+2 2.300000E+5 2.740020E+5 3.110020E+5 1.068667E-7 1.055667E-7 2.816667E-8 3.873333E-8 1.673333E-8 1.630000E-8 1.690000E-8 1.660000E-8 1.502333E-7 -1.579667E-9 0.000000E+0 1.051477E-2
2.250000E+2 2.300000E+5 2.750020E+5 3.110020E+5 1.065667E-7 1.053000E-7 2.810000E-8 3.863333E-8 1.670000E-8 1.623333E-8 1.690000E-8 1.656667E-8 1.499333E-7 -1.579000E-9 0.000000E+0 1.053135E-2
2.260000E+2 2.300000E+5 2.759980E+5 3.110020E+5 1.067667E-7 1.055333E-7 2.810000E-8 3.870000E-8 1.670000E-8 1.630000E-8 1.690000E-8 1.660000E-8 1.502000E-7 -1.578333E-9 0.000000E+0 1.050821E-2
2.270000E+2 2.300000E+5 2.770000E+5 3.110020E+5 1.068333E-7 1.055667E-7 2.813333E-8 3.876667E-8 1.673333E-8 1.630000E-8 1.693333E-8 1.660000E-8 1.502667E-7 -1.573667E-9 0.000000E+0 1.047249E-2
2.280000E+2 2.300000E+5 2.780020E+5 3.110020E+5 1.065333E-7 1.053000E-7 2.806667E-8 3.860000E-8 1.670000E-8 1.623333E-8 1.690000E-8 1.656667E-8 1.498333E-7 -1.569333E-9 0.000000E+0 1.047385E-2
2.290000E+2 2.300000E+5 2.790020E+5 3.110020E+5 1.064000E-7 1.051333E-7 2.800000E-8 3.860000E-8 1.670000E-8 1.620000E-8 1.690000E-8 1.650000E-8 1.496333E-7 -1.560000E-9 0.000000E+0 1.042549E-2
2.300000E+2 2.300000E+5 2.799980E+5 3.110020E+5 1.065667E-7 1.053333E-7 2.806667E-8 3.866667E-8 1.673333E-8 1.623333E-8 1.690000E-8 1.650000E-8 1.498333E-7 -1.563000E-9 0.000000E+0 1.043158E-2
2.310000E+2 2.300000E+5 2.810000E+5 3.110020E+5 1.066667E-7 1.054333E-7 2.810000E-8 3.870000E-8 1.673333E-8 1.630000E-8 1.690000E-8 1.660000E-8 1.501667E-7 -1.566667E-9 0.000000E+0 1.043285E-2
2.320000E+2 2.300000E+5 2.820020E+5 3.110020E+5 1.068667E-7 1.056000E-7 2.820000E-8 3.873333E-8 1.673333E-8 1.630000E-8 1.690000E-8 1.663333E-8 1.503000E-7 -1.564667E-9 0.000000E+0 1.041029E-2
2.330000E+2 2.300000E+5 2.830020E+5 3.110020E+5 1.070000E-7 1.057000E-7 2.820000E-8 3.880000E-8 1.673333E-8 1.630000E-8 1.693333E-8 1.666667E-8 1.504000E-7 -1.575000E-9 0.000000E+0 1.047207E-2
2.340000E+2 2.300000E+5 2.839980E+5 3.110020E+5 1.069667E-7 1.057333E-7 2.816667E-8 3.880000E-8 1.676667E-8 1.630000E-8 1.693333E-8 1.660000E-8 1.503333E-7 -1.565000E-9 0.000000E+0 1.041021E-2
2.350000E+2 2.300000E+5 2.850000E+5 3.110020E+5 1.066667E-7 1.053667E-7 2.810000E-8 3.870000E-8 1.670000E-8 1.630000E-8 1.690000E-8 1.660000E-8 1.500333E-7 -1.567333E-9 0.000000E+0 1.044657E-2
2.360000E+2 2.300000E+5 2.860020E+5 3.110020E+5 1.067333E-7 1.054667E-7 2.810000E-8 3.870000E-8 1.670000E-8 1.630000E-8 1.690000E-8 1.660000E-8 1.501333E-7 -1.564333E-9 0.000000E+0 1.041962E-2
2.370000E+2 2.300000E+5 2.870020E+5 3.110020E+5 1.065667E-7 1.052667E-7 2.810000E-8 3.860000E-8 1.670000E-8 1.623333E-8 1.690000E-8 1.653333E-8 1.498667E-7 -1.560000E-9 0.000000E+0 1.040925E-2
2.380000E+2 2.300000E+5 2.879980E+5 3.110020E+5 1.067333E-7 1.054333E-7 2.810000E-8 3.870000E-8 1.673333E-8 1.630000E-8 1.690000E-8 1.660000E-8 1.501333E-7 -1.563000E-9 0.000000E+0 1.041075E-2
2.390000E+2 2.300000E+5 2.890000E+5 3.110020E+5 1.070333E-7 1.057333E-7 2.820000E-8 3.880000E-8 1.676667E-8 1.640000E-8 1.693333E-8 1.670000E-8 1.505000E-7 -1.566000E-9 0.000000E+0 1.040532E-2
2.400000E+2 2.300000E+5 2.900020E+5 3.110020E+5 1.087000E-7 1.073667E-7 2.886667E-8 3.950000E-8 1.723333E-8 1.670000E-8 1.740000E-8 1.713333E-8 1.542667E-7 -1.607000E-9 0.000000E+0 1.041716E-2
2.410000E+2 2.300000E+5 2.910020E+5 3.110020E+5 1.072333E-7 1.059667E-7 2.826667E-8 3.890000E-8 1.680000E-8 1.640000E-8 1.700000E-8 1.670000E-8 1.507333E-7 -1.573000E-9 0.000000E+0 1.043565E-2
2.420000E+2 2.300000E+5 2.919980E+5 3.110020E+5 1.068667E-7 1.056000E-7 2.820000E-8 3.876667E-8 1.676667E-8 1.630000E-8 1.690000E-8 1.660000E-8 1.503333E-7 -1.568667E-9 0.000000E+0 1.043458E-2
2.430000E+2 2.300000E+5 2.930000E+5 3.110020E+5 1.069333E-7 1.056667E-7 2.820000E-8 3.880000E-8 1.680000E-8 1.630000E-8 1.696667E-8 1.666667E-8 1.504000E-7 -1.562667E-9 0.000000E+0 1.039007E-2
2.440000E+2 2.300000E+5 2.940020E+5 3.110020E+5 1.071000E-7 1.058333E-7 2.820000E-8 3.880000E-8 1.680000E-8 1.640000E-8 1.696667E-8 1.670000E-8 1.506000E-7 -1.564333E-9 0.000000E+0 1.038734E-2
2.450000E+2 2.300000E+5 2.950020E+5 3.110020E+5 1.068667E-7 1.056333E-7 2.820000E-8 3.876667E-8 1.673333E-8 1.630000E-8 1.693333E-8 1.660000E-8 1.503333E-7 -1.558333E-9 0.000000E+0 1.036585E-2
2.460000E+2 2.300000E+5 2.959980E+5 3.110020E+5 1.071000E-7 1.058000E-7 2.820000E-8 3.880000E-8 1.680000E-8 1.640000E-8 1.700000E-8 1.670000E-8 1.505667E-7 -1.564000E-9 0.000000E+0 1.038743E-2
2.470000E+2 2.300000E+5 2.970000E+5 3.110020E+5 1.068667E-7 1.055667E-7 2.816667E-8 3.876667E-8 1.676667E-8 1.630000E-8 1.696667E-8 1.660000E-8 1.503000E-7 -1.550667E-9 0.000000E+0 1.031714E-2
2.480000E+2 2.300000E+5 2.980020E+5 3.110020E+5 1.068333E-7 1.055333E-7 2.810000E-8 3.873333E-8 1.673333E-8 1.630000E-8 1.690000E-8 1.660000E-8 1.501333E-7 -1.552000E-9 0.000000E+0 1.033748E-2
2.490000E+2 2.300000E+5 2.990020E+5 3.110020E+5 1.064333E-7 1.051667E-7 2.800000E-8 3.860000E-8 1.670000E-8 1.620000E-8 1.690000E-8 1.650000E-8 1.496667E-7 -1.551333E-9 0.000000E+0 1.036524E-2
2.500000E+2 2.300000E+5 2.999980E+5 3.110020E+5 1.066000E-7 1.053333E-7 2.806667E-8 3.863333E-8 1.670000E-8 1.623333E-8 1.690000E-8 1.653333E-8 1.498000E-7 -1.547333E-9 0.000000E+0 1.032933E-2
2.510000E+2 2.300000E+5 3.010000E+5 3.110020E+5 1.067333E-7 1.054667E-7 2.810000E-8 3.870000E-8 1.676667E-8 1.630000E-8 1.690000E-8 1.660000E-8 1.501333E-7 -1.543667E-9 0.000000E+0 1.028197E-2
2.520000E+2 2.300000E+5 3.020020E+5 3.110020E+5 1.067667E-7 1.055000E-7 2.810000E-8 3.870000E-8 1.673333E-8 1.630000E-8 1.690000E-8 1.660000E-8 1.501667E-7 -1.552667E-9 0.000000E+0 1.033962E-2
2.530000E+2 2.300000E+5 3.030020E+5 3.110020E+5 1.068333E-7 1.055667E-7 2.820000E-8 3.873333E-8 1.676667E-8 1.630000E-8 1.690000E-8 1.660000E-8 1.502667E-7 -1.556667E-9 0.000000E+0 1.035937E-2
2.540000E+2 2.300000E+5 3.039980E+5 3.110020E+5 1.065333E-7 1.052667E-7 2.810000E-8 3.863333E-8 1.673333E-8 1.623333E-8 1.690000E-8 1.660000E-8 1.499333E-7 -1.546333E-9 0.000000E+0 1.031345E-2
2.550000E+2 2.300000E+5 3.050000E+5 3.110020E+5 1.065333E-7 1.052667E-7 2.810000E-8 3.860000E-8 1.673333E-8 1.623333E-8 1.690000E-8 1.656667E-8 1.498333E-7 -1.547333E-9 0.000000E+0 1.032702E-2
2.560000E+2 2.300000E+5 3.060020E+5 3.110020E+5 1.066667E-7 1.054000E-7 2.810000E-8 3.870000E-8 1.673333E-8 1.630000E-8 1.690000E-8 1.660000E-8 1.500333E-7 -1.549333E-9 0.000000E+0 1.032660E-2
2.570000E+2 2.300000E+5 3.070020E+5 3.110020E+5 1.065000E-7 1.052333E-7 2.810000E-8 3.860000E-8 1.670000E-8 1.620000E-8 1.690000E-8 1.656667E-8 1.498667E-7 -1.539333E-9 0.000000E+0 1.027136E-2
2.580000E+2 2.300000E+5 3.079980E+5 3.110020E+5 1.070000E-7 1.056667E-7 2.820000E-8 3.880000E-8 1.680000E-8 1.633333E-8 1.696667E-8 1.666667E-8 1.504333E-7 -1.544000E-9 0.000000E+0 1.026369E-2
2.590000E+2 2.300000E+5 3.090000E+5 3.110020E+5 1.068333E-7 1.055667E-7 2.816667E-8 3.873333E-8 1.676667E-8 1.630000E-8 1.696667E-8 1.660000E-8 1.502667E-7 -1.539333E-9 0.000000E+0 1.024401E-2
2.600000E+2 2.300000E+5 3.100020E+5 3.110020E+5 1.070667E-7 1.058333E-7 2.823333E-8 3.883333E-8 1.680000E-8 1.640000E-8 1.696667E-8 1.670000E-8 1.506000E-7 -1.549000E-9 0.000000E+0 1.028553E-2
2.610000E+2 2.300000E+5 3.110020E+5 3.110020E+5 1.070000E-7 1.056667E-7 2.820000E-8 3.880000E-8 1.680000E-8 1.633333E-8 1.696667E-8 1.670000E-8 1.505000E-7 -1.546333E-9 0.000000E+0 1.027464E-2
2.620000E+2 2.300000E+5 3.119980E+5 3.110020E+5 1.069333E-7 1.056333E-7 2.820000E-8 3.880000E-8 1.680000E-8 1.633333E-8 1.693333E-8 1.666667E-8 1.504333E-7 -1.542333E-9 0.000000E+0 1.025263E-2
2.630000E+2 2.300000E+5 3.130000E+5 3.110020E+5 1.069333E-7 1.056000E-7 2.820000E-8 3.880000E-8 1.680000E-8 1.630000E-8 1.696667E-8 1.660000E-8 1.503667E-7 -1.534333E-9 0.000000E+0 1.020394E-2
2.640000E+2 2.300000E+5 3.140020E+5 3.110020E+5 1.066333E-7 1.053333E-7 2.810000E-8 3.870000E-8 1.673333E-8 1.626667E-8 1.693333E-8 1.660000E-8 1.500333E-7 -1.537000E-9 0.000000E+0 1.024438E-2
2.650000E+2 2.300000E+5 3.150020E+5 3.110020E+5 1.069000E-7 1.056667E-7 2.820000E-8 3.880000E-8 1.680000E-8 1.630000E-8 1.693333E-8 1.666667E-8 1.503667E-7 -1.536667E-9 0.000000E+0 1.021947E-2
2.660000E+2 2.300000E+5 3.159980E+5 3.110020E+5 1.070000E-7 1.057000E-7 2.820000E-8 3.880000E-8 1.680000E-8 1.633333E-8 1.696667E-8 1.666667E-8 1.504667E-7 -1.535333E-9 0.000000E+0 1.020382E-2
2.670000E+2 2.300000E+5 3.170000E+5 3.110020E+5 1.072667E-7 1.060000E-7 2.826667E-8 3.890000E-8 1.680000E-8 1.640000E-8 1.700000E-8 1.670000E-8 1.507333E-7 -1.530333E-9 0.000000E+0 1.015260E-2
2.680000E+2 2.300000E+5 3.180020E+5 3.110020E+5 1.065667E-7 1.053333E-7 2.810000E-8 3.866667E-8 1.673333E-8 1.623333E-8 1.690000E-8 1.653333E-8 1.499000E-7 -1.527333E-9 0.000000E+0 1.018901E-2
2.690000E+2 2.300000E+5 3.190020E+5 3.110020E+5 1.066000E-7 1.053667E-7 2.810000E-8 3.863333E-8 1.676667E-8 1.626667E-8 1.690000E-8 1.660000E-8 1.499667E-7 -1.524333E-9 0.000000E+0 1.016449E-2
2.700000E+2 2.300000E+5 3.199980E+5 3.110020E+5 1.066000E-7 1.053000E-7 2.810000E-8 3.860000E-8 1.676667E-8 1.620000E-8 1.690000E-8 1.656667E-8 1.499333E-7 -1.521667E-9 0.000000E+0 1.014896E-2
2.710000E+2 2.300000E+5 3.210000E+5 3.110020E+5 1.068000E-7 1.055667E-7 2.813333E-8 3.870000E-8 1.680000E-8 1.630000E-8 1.696667E-8 1.660000E-8 1.502333E-7 -1.529333E-9 0.000000E+0 1.017971E-2
2.720000E+2 2.300000E+5 3.220020E+5 3.110020E+5 1.066667E-7 1.054000E-7 2.810000E-8 3.870000E-8 1.673333E-8 1.630000E-8 1.690000E-8 1.656667E-8 1.500000E-7 -1.523333E-9 0.000000E+0 1.015555E-2
2.730000E+2 2.300000E+5 3.230020E+5 3.110020E+5 1.071333E-7 1.058667E-7 2.820000E-8 3.886667E-8 1.680000E-8 1.640000E-8 1.700000E-8 1.670000E-8 1.506333E-7 -1.525667E-9 0.000000E+0 1.012835E-2
2.740000E+2 2.300000E+5 3.239980E+5 3.110020E+5 1.066000E-7 1.053333E-7 2.810000E-8 3.866667E-8 1.673333E-8 1.626667E-8 1.690000E-8 1.656667E-8 1.499000E-7 -1.517333E-9 0.000000E+0 1.012230E-2
2.750000E+2 2.300000E+5 3.250000E+5 3.110020E+5 1.065667E-7 1.053000E-7 2.810000E-8 3.863333E-8 1.673333E-8 1.623333E-8 1.690000E-8 1.653333E-8 1.498333E-7 -1.520667E-9 0.000000E+0 1.014906E-2
2.760000E+2 2.300000E+5 3.260020E+5 3.110020E+5 1.065667E-7 1.053333E-7 2.810000E-8 3.863333E-8 1.673333E-8 1.626667E-8 1.690000E-8 1.653333E-8 1.499000E-7 -1.510000E-9 0.000000E+0 1.007337E-2
2.770000E+2 2.300000E+5 3.270020E+5 3.110020E+5 1.067000E-7 1.054000E-7 2.813333E-8 3.870000E-8 1.680000E-8 1.630000E-8 1.693333E-8 1.660000E-8 1.500333E-7 -1.505667E-9 0.000000E+0 1.003554E-2
2.780000E+2 2.300000E+5 3.279980E+5 3.110020E+5 1.070667E-7 1.057667E-7 2.820000E-8 3.880000E-8 1.680000E-8 1.636667E-8 1.700000E-8 1.670000E-8 1.506333E-7 -1.511667E-9 0.000000E+0 1.003539E-2
2.790000E+2 2.300000E+5 3.290000E+5 3.110020E+5 1.067667E-7 1.055000E-7 2.810000E-8 3.870000E-8 1.676667E-8 1.630000E-8 1.693333E-8 1.660000E-8 1.501667E-7 -1.510667E-9 0.000000E+0 1.005993E-2
2.800000E+2 2.300000E+5 3.300020E+5 3.110020E+5 1.067667E-7 1.055000E-7 2.810000E-8 3.870000E-8 1.676667E-8 1.630000E-8 1.693333E-8 1.660000E-8 1.501333E-7 -1.506667E-9 0.000000E+0 1.003552E-2
2.810000E+2 2.300000E+5 3.310020E+5 3.110020E+5 1.072000E-7 1.059000E-7 2.823333E-8 3.886667E-8 1.680000E-8 1.640000E-8 1.700000E-8 1.670000E-8 1.507667E-7 -1.511333E-9 0.000000E+0 1.002430E-2
2.820000E+2 2.300000E+5 3.319980E+5 3.110020E+5 1.074000E-7 1.061333E-7 2.830000E-8 3.893333E-8 1.680000E-8 1.640000E-8 1.700000E-8 1.670000E-8 1.510000E-7 -1.508333E-9 0.000000E+0 9.988962E-3
2.830000E+2 2.300000E+5 3.330000E+5 3.110020E+5 1.093000E-7 1.079333E-7 2.913333E-8 3.976667E-8 1.743333E-8 1.680000E-8 1.760000E-8 1.730000E-8 1.556667E-7 -1.558333E-9 0.000000E+0 1.001067E-2
2.840000E+2 2.300000E+5 3.340020E+5 3.110020E+5 1.081667E-7 1.069000E-7 2.846667E-8 3.923333E-8 1.693333E-8 1.656667E-8 1.703333E-8 1.683333E-8 1.518333E-7 -1.508000E-9 0.000000E+0 9.931893E-3
2.850000E+2 2.300000E+5 3.350020E+5 3.110020E+5 1.084000E-7 1.071333E-7 2.850000E-8 3.926667E-8 1.693333E-8 1.660000E-8 1.710000E-8 1.686667E-8 1.521000E-7 -1.510667E-9 0.000000E+0 9.932091E-3
2.860000E+2 2.300000E+5 3.359980E+5 3.110020E+5 1.112000E-7 1.098667E-7 2.920000E-8 4.030000E-8 1.730000E-8 1.700000E-8 1.750000E-8 1.726667E-8 1.557333E-7 -1.534667E-9 0.000000E+0 9.854543E-3
2.870000E+2 2.300000E+5 3.370000E+5 3.110020E+5 1.091000E-7 1.078333E-7 2.860000E-8 3.950000E-8 1.696667E-8 1.666667E-8 1.713333E-8 1.693333E-8 1.526000E-7 -1.502000E-9 0.000000E+0 9.842627E-3
2.880000E+2 2.300000E+5 3.380020E+5 3.110020E+5 1.073667E-7 1.060667E-7 2.830000E-8 3.893333E-8 1.680000E-8 1.640000E-8 1.700000E-8 1.670000E-8 1.509333E-7 -1.475667E-9 0.000000E+0 9.776942E-3
2.890000E+2 2.300000E+5 3.390020E+5 3.110020E+5 1.074000E-7 1.061333E-7 2.830000E-8 3.896667E-8 1.680000E-8 1.643333E-8 1.700000E-8 1.673333E-8 1.510000E-7 -1.466333E-9 0.000000E+0 9.710812E-3
2.900000E+2 2.300000E+5 3.399980E+5 3.110020E+5 1.075667E-7 1.063000E-7 2.833333E-8 3.900000E-8 1.683333E-8 1.650000E-8 1.703333E-8 1.683333E-8 1.514000E-7 -1.461333E-9 0.000000E+0 9.652120E-3
2.910000E+2 2.300000E+5 3.410000E+5 3.110020E+5 1.088000E-7 1.075667E-7 2.863333E-8 3.946667E-8 1.700000E-8 1.666667E-8 1.720000E-8 1.693333E-8 1.528667E-7 -1.465667E-9 0.000000E+0 9.587871E-3
2.920000E+2 2.300000E+5 3.420020E+5 3.110020E+5 1.077000E-7 1.064667E-7 2.840000E-8 3.903333E-8 1.686667E-8 1.650000E-8 1.703333E-8 1.680000E-8 1.513333E-7 -1.427000E-9 0.000000E+0 9.429508E-3
2.930000E+2 2.300000E+5 3.430020E+5 3.110020E+5 1.075000E-7 1.062333E-7 2.830000E-8 3.900000E-8 1.680000E-8 1.643333E-8 1.700000E-8 1.673333E-8 1.511333E-7 -1.412333E-9 0.000000E+0 9.344948E-3
2.940000E+2 2.300000E+5 3.439980E+5 3.110020E+5 1.103667E-7 1.090000E-7 2.923333E-8 4.006667E-8 1.740000E-8 1.690000E-8 1.756667E-8 1.730000E-8 1.559667E-7 -1.431000E-9 0.000000E+0 9.175144E-3
2.950000E+2 2.300000E+5 3.450000E+5 3.110020E+5 1.085333E-7 1.072333E-7 2.863333E-8 3.936667E-8 1.700000E-8 1.663333E-8 1.720000E-8 1.696667E-8 1.527667E-7 -1.375000E-9 0.000000E+0 9.000635E-3
2.960000E+2 2.300000E+5 3.460020E+5 3.110020E+5 1.087333E-7 1.074667E-7 2.856667E-8 3.940000E-8 1.693333E-8 1.660000E-8 1.713333E-8 1.690000E-8 1.523667E-7 -1.325000E-9 0.000000E+0 8.696116E-3
2.970000E+2 2.300000E+5 3.470020E+5 3.110020E+5 1.073000E-7 1.060333E-7 2.826667E-8 3.890000E-8 1.680000E-8 1.640000E-8 1.700000E-8 1.670000E-8 1.507667E-7 -1.281000E-9 0.000000E+0 8.496603E-3
2.980000E+2 2.300000E+5 3.479980E+5 3.110020E+5 1.073333E-7 1.060333E-7 2.830000E-8 3.890000E-8 1.680000E-8 1.640000E-8 1.700000E-8 1.673333E-8 1.510000E-7 -1.232667E-9 0.000000E+0 8.163361E-3
2.990000E+2 2.300000E+5 3.490000E+5 3.110020E+5 1.072000E-7 1.059333E-7 2.823333E-8 3.890000E-8 1.680000E-8 1.636667E-8 1.696667E-8 1.663333E-8 1.505333E-7 -1.183333E-9 0.000000E+0 7.860987E-3
3.000000E+2 2.300000E+5 3.500020E+5 3.110020E+5 1.068000E-7 1.055333E-7 2.813333E-8 3.873333E-8 1.680000E-8 1.630000E-8 1.696667E-8 1.660000E-8 1.502000E-7 -1.134333E-9 0.000000E+0 7.552153E-3
3.010000E+2 2.300000E+5 3.510020E+5 3.110020E+5 1.067667E-7 1.055333E-7 2.810000E-8 3.870000E-8 1.680000E-8 1.630000E-8 1.696667E-8 1.660000E-8 1.502000E-7 -1.073667E-9 0.000000E+0 7.148249E-3
3.020000E+2 2.300000E+5 3.519980E+5 3.110020E+5 1.073000E-7 1.060667E-7 2.830000E-8 3.890000E-8 1.680000E-8 1.640000E-8 1.700000E-8 1.670000E-8 1.509000E-7 -1.017333E-9 0.000000E+0 6.741787E-3
3.030000E+2 2.300000E+5 3.530000E+5 3.110020E+5 1.071000E-7 1.058000E-7 2.820000E-8 3.880000E-8 1.680000E-8 1.640000E-8 1.700000E-8 1.670000E-8 1.506333E-7 -9.466667E-10 0.000000E+0 6.284576E-3
3.040000E+2 2.300000E+5 3.540020E+5 3.110020E+5 1.074667E-7 1.061667E-7 2.830000E-8 3.896667E-8 1.680000E-8 1.640000E-8 1.700000E-8 1.670000E-8 1.510667E-7 -8.816667E-10 0.000000E+0 5.836253E-3
3.050000E+2 2.300000E+5 3.550020E+5 3.110020E+5 1.073000E-7 1.060333E-7 2.830000E-8 3.890000E-8 1.680000E-8 1.640000E-8 1.700000E-8 1.670000E-8 1.509333E-7 -8.126667E-10 0.000000E+0 5.384293E-3
3.060000E+2 2.300000E+5 3.559980E+5 3.110020E+5 1.071667E-7 1.058667E-7 2.823333E-8 3.886667E-8 1.680000E-8 1.636667E-8 1.700000E-8 1.670000E-8 1.507000E-7 -7.410000E-10 0.000000E+0 4.917046E-3
3.070000E+2 2.300000E+5 3.570000E+5 3.110020E+5 1.067667E-7 1.055000E-7 2.813333E-8 3.873333E-8 1.680000E-8 1.630000E-8 1.700000E-8 1.660000E-8 1.502333E-7 -6.706667E-10 0.000000E+0 4.464152E-3
3.080000E+2 2.300000E+5 3.580020E+5 3.110020E+5 1.073333E-7 1.060333E-7 2.826667E-8 3.890000E-8 1.680000E-8 1.640000E-8 1.700000E-8 1.670000E-8 1.509333E-7 -6.073333E-10 0.000000E+0 4.023845E-3
3.090000E+2 2.300000E+5 3.590020E+5 3.110020E+5 1.070000E-7 1.057333E-7 2.820000E-8 3.880000E-8 1.680000E-8 1.630000E-8 1.700000E-8 1.660000E-8 1.505000E-7 -5.360000E-10 0.000000E+0 3.561462E-3
3.100000E+2 2.300000E+5 3.599980E+5 3.110020E+5 1.072000E-7 1.059333E-7 2.820000E-8 3.890000E-8 1.680000E-8 1.640000E-8 1.700000E-8 1.670000E-8 1.507333E-7 -4.713333E-10 0.000000E+0 3.126918E-3
3.110000E+2 2.300000E+5 3.610000E+5 3.110020E+5 1.068667E-7 1.056333E-7 2.820000E-8 3.876667E-8 1.680000E-8 1.630000E-8 1.700000E-8 1.660000E-8 1.503667E-7 -4.116667E-10 0.000000E+0 2.737753E-3
3.120000E+2 2.300000E+5 3.620020E+5 3.110020E+5 1.073333E-7 1.060667E-7 2.830000E-8 3.890000E-8 1.680000E-8 1.640000E-8 1.700000E-8 1.670000E-8 1.509667E-7 -3.626667E-10 0.000000E+0 2.402301E-3
3.130000E+2 2.300000E+5 3.630020E+5 3.110020E+5 1.072333E-7 1.059667E-7 2.826667E-8 3.890000E-8 1.680000E-8 1.640000E-8 1.700000E-8 1.670000E-8 1.507667E-7 -3.116667E-10 0.000000E+0 2.067207E-3
3.140000E+2 2.300000E+5 3.639980E+5 3.110020E+5 1.068667E-7 1.056333E-7 2.816667E-8 3.876667E-8 1.680000E-8 1.630000E-8 1.696667E-8 1.660000E-8 1.502667E-7 -2.656667E-10 0.000000E+0 1.767976E-3
3.150000E+2 2.300000E+5 3.650000E+5 3.110020E+5 1.069333E-7 1.056000E-7 2.816667E-8 3.873333E-8 1.680000E-8 1.630000E-8 1.700000E-8 1.660000E-8 1.503667E-7 -2.263333E-10 0.000000E+0 1.505212E-3
3.160000E+2 2.300000E+5 3.660020E+5 3.110020E+5 1.069000E-7 1.056667E-7 2.820000E-8 3.876667E-8 1.680000E-8 1.630000E-8 1.700000E-8 1.660000E-8 1.503667E-7 -1.906667E-10 0.000000E+0 1.268017E-3
3.170000E+2 2.300000E+5 3.670020E+5 3.110020E+5 1.068000E-7 1.055667E-7 2.813333E-8 3.873333E-8 1.680000E-8 1.630000E-8 1.700000E-8 1.660000E-8 1.502333E-7 -1.630000E-10 0.000000E+0 1.084981E-3
3.180000E+2 2.300000E+5 3.679980E+5 3.110020E+5 1.070000E-7 1.057000E-7 2.820000E-8 3.880000E-8 1.680000E-8 1.630000E-8 1.700000E-8 1.660000E-8 1.505333E-7 -1.370000E-10 0.000000E+0 9.100975E-4
3.190000E+2 2.300000E+5 3.690000E+5 3.110020E+5 1.068667E-7 1.056000E-7 2.813333E-8 3.873333E-8 1.680000E-8 1.630000E-8 1.696667E-8 1.660000E-8 1.502667E-7 -1.136667E-10 0.000000E+0 7.564351E-4
3.200000E+2 2.300000E+5 3.700020E+5 3.110020E+5 1.068667E-7 1.056000E-7 2.820000E-8 3.876667E-8 1.680000E-8 1.630000E-8 1.700000E-8 1.660000E-8 1.503333E-7 -9.800000E-11 0.000000E+0 6.518862E-4
3.210000E+2 2.300000E+5 3.710020E+5 3.110020E+5 1.070333E-7 1.058000E-7 2.820000E-8 3.880000E-8 1.680000E-8 1.633333E-8 1.700000E-8 1.670000E-8 1.506000E-7 -8.433333E-11 0.000000E+0 5.599823E-4
3.220000E+2 2.300000E+5 3.719980E+5 3.110020E+5 1.070333E-7 1.057667E-7 2.820000E-8 3.880000E-8 1.680000E-8 1.630000E-8 1.700000E-8 1.663333E-8 1.505333E-7 -7.200000E-11 0.000000E+0 4.782994E-4
3.230000E+2 2.300000E+5 3.730000E+5 3.110020E+5 1.069667E-7 1.056667E-7 2.816667E-8 3.876667E-8 1.680000E-8 1.630000E-8 1.700000E-8 1.660000E-8 1.503667E-7 -6.266667E-11 0.000000E+0 4.167612E-4
3.240000E+2 2.300000E+5 3.740020E+5 3.110020E+5 1.071667E-7 1.059000E-7 2.823333E-8 3.886667E-8 1.686667E-8 1.633333E-8 1.700000E-8 1.660000E-8 1.507667E-7 -5.166667E-11 0.000000E+0 3.426894E-4
3.250000E+2 2.300000E+5 3.750020E+5 3.110020E+5 1.081667E-7 1.068667E-7 2.850000E-8 3.923333E-8 1.703333E-8 1.650000E-8 1.716667E-8 1.676667E-8 1.521000E-7 -4.766667E-11 0.000000E+0 3.133943E-4
3.260000E+2 2.300000E+5 3.759980E+5 3.110020E+5 1.069667E-7 1.056667E-7 2.820000E-8 3.880000E-8 1.680000E-8 1.630000E-8 1.700000E-8 1.660000E-8 1.504333E-7 -4.133333E-11 0.000000E+0 2.747639E-4
3.270000E+2 2.300000E+5 3.770000E+5 3.110020E+5 1.068667E-7 1.056333E-7 2.816667E-8 3.876667E-8 1.680000E-8 1.630000E-8 1.700000E-8 1.660000E-8 1.503333E-7 -3.800000E-11 0.000000E+0 2.527731E-4
3.280000E+2 2.300000E+5 3.780020E+5 3.110020E+5 1.071667E-7 1.059000E-7 2.820000E-8 3.886667E-8 1.690000E-8 1.630000E-8 1.700000E-8 1.660000E-8 1.507333E-7 -3.433333E-11 0.000000E+0 2.277744E-4
3.290000E+2 2.300000E+5 3.790020E+5 3.110020E+5 1.070667E-7 1.058000E-7 2.823333E-8 3.886667E-8 1.683333E-8 1.633333E-8 1.700000E-8 1.660000E-8 1.506333E-7 -3.200000E-11 0.000000E+0 2.124367E-4
3.300000E+2 2.300000E+5 3.799980E+5 3.110020E+5 1.069333E-7 1.056667E-7 2.820000E-8 3.880000E-8 1.680000E-8 1.630000E-8 1.700000E-8 1.660000E-8 1.504667E-7 -2.966667E-11 0.000000E+0 1.971635E-4
3.310000E+2 2.300000E+5 3.810000E+5 3.110020E+5 1.071000E-7 1.058333E-7 2.820000E-8 3.883333E-8 1.680000E-8 1.633333E-8 1.700000E-8 1.666667E-8 1.506333E-7 -2.633333E-11 0.000000E+0 1.748179E-4
3.320000E+2 2.300000E+5 3.820020E+5 3.110020E+5 1.073667E-7 1.061000E-7 2.830000E-8 3.893333E-8 1.680000E-8 1.640000E-8 1.700000E-8 1.676667E-8 1.510667E-7 -2.500000E-11 0.000000E+0 1.654899E-4
3.330000E+2 2.300000E+5 3.830020E+5 3.110020E+5 1.070333E-7 1.057333E-7 2.820000E-8 3.880000E-8 1.680000E-8 1.630000E-8 1.700000E-8 1.663333E-8 1.505667E-7 -2.366667E-11 0.000000E+0 1.571860E-4
3.340000E+2 2.300000E+5 3.839980E+5 3.110020E+5 1.069000E-7 1.056000E-7 2.820000E-8 3.873333E-8 1.680000E-8 1.630000E-8 1.700000E-8 1.660000E-8 1.503333E-7 -2.333333E-11 0.000000E+0 1.552111E-4
3.350000E+2 2.300000E+5 3.850000E+5 3.110020E+5 1.069667E-7 1.057333E-7 2.820000E-8 3.880000E-8 1.680000E-8 1.630000E-8 1.700000E-8 1.660000E-8 1.504333E-7 -2.066667E-11 0.000000E+0 1.373834E-4
3.360000E+2 2.300000E+5 3.860020E+5 3.110020E+5 1.070333E-7 1.057667E-7 2.820000E-8 3.880000E-8 1.680000E-8 1.630000E-8 1.700000E-8 1.660000E-8 1.505333E-7 -2.100000E-11 0.000000E+0 1.395040E-4
3.370000E+2 2.300000E+5 3.870020E+5 3.110020E+5 1.073000E-7 1.060333E-7 2.830000E-8 3.890000E-8 1.680000E-8 1.640000E-8 1.700000E-8 1.670000E-8 1.509333E-7 -1.966667E-11 0.000000E+0 1.303013E-4
3.380000E+2 2.300000E+5 3.879980E+5 3.110020E+5 1.069333E-7 1.056667E-7 2.820000E-8 3.880000E-8 1.680000E-8 1.630000E-8 1.700000E-8 1.660000E-8 1.504000E-7 -1.933333E-11 0.000000E+0 1.285461E-4
3.390000E+2 2.300000E+5 3.890000E+5 3.110020E+5 1.075667E-7 1.063333E-7 2.836667E-8 3.903333E-8 1.686667E-8 1.646667E-8 1.703333E-8 1.680000E-8 1.513667E-7 -1.933333E-11 0.000000E+0 1.277247E-4
3.400000E+2 2.300000E+5 3.900020E+5 3.110020E+5 1.088000E-7 1.074667E-7 2.866667E-8 3.946667E-8 1.703333E-8 1.666667E-8 1.720000E-8 1.700000E-8 1.531000E-7 -1.766667E-11 0.000000E+0 1.153989E-4
3.410000E+2 2.300000E+5 3.910020E+5 3.110020E+5 1.077000E-7 1.064000E-7 2.836667E-8 3.903333E-8 1.686667E-8 1.646667E-8 1.703333E-8 1.680000E-8 1.513667E-7 -1.666667E-11 0.000000E+0 1.101070E-4
3.420000E+2 2.300000E+5 3.919980E+5 3.110020E+5 1.076333E-7 1.063333E-7 2.836667E-8 3.900000E-8 1.686667E-8 1.646667E-8 1.703333E-8 1.676667E-8 1.512667E-7 -1.733333E-11 0.000000E+0 1.145776E-4
3.430000E+2 2.300000E+5 3.930000E+5 3.110020E+5 1.072333E-7 1.059333E-7 2.826667E-8 3.890000E-8 1.686667E-8 1.636667E-8 1.703333E-8 1.663333E-8 1.509333E-7 -1.566667E-11 0.000000E+0 1.037982E-4
3.440000E+2 2.300000E+5 3.940020E+5 3.110020E+5 1.071333E-7 1.058667E-7 2.823333E-8 3.883333E-8 1.686667E-8 1.633333E-8 1.703333E-8 1.663333E-8 1.507667E-7 -1.566667E-11 0.000000E+0 1.039097E-4
3.450000E+2 2.300000E+5 3.950020E+5 3.110020E+5 1.071333E-7 1.058333E-7 2.820000E-8 3.883333E-8 1.680000E-8 1.633333E-8 1.700000E-8 1.666667E-8 1.506667E-7 -1.500000E-11 0.000000E+0 9.955753E-5
3.460000E+2 2.300000E+5 3.959980E+5 3.110020E+5 1.070000E-7 1.057333E-7 2.820000E-8 3.880000E-8 1.680000E-8 1.630000E-8 1.700000E-8 1.660000E-8 1.505000E-7 -1.433333E-11 0.000000E+0 9.523665E-5
3.470000E+2 2.300000E+5 3.970000E+5 3.110020E+5 1.069000E-7 1.056000E-7 2.820000E-8 3.876667E-8 1.680000E-8 1.630000E-8 1.700000E-8 1.660000E-8 1.503667E-7 -1.433333E-11 0.000000E+0 9.532206E-5
3.480000E+2 2.300000E+5 3.980020E+5 3.110020E+5 1.070000E-7 1.057333E-7 2.820000E-8 3.880000E-8 1.680000E-8 1.630000E-8 1.700000E-8 1.660000E-8 1.504667E-7 -1.366667E-11 0.000000E+0 9.082756E-5
3.490000E+2 2.300000E+5 3.990020E+5 3.110020E+5 1.070333E-7 1.058000E-7 2.820000E-8 3.883333E-8 1.680000E-8 1.633333E-8 1.700000E-8 1.660000E-8 1.505333E-7 -1.366667E-11 0.000000E+0 9.078783E-5
3.500000E+2 2.300000E+5 3.999980E+5 3.110020E+5 1.070000E-7 1.057333E-7 2.820000E-8 3.880000E-8 1.680000E-8 1.630000E-8 1.700000E-8 1.663333E-8 1.506000E-7 -1.300000E-11 0.000000E+0 8.632141E-5
3.510000E+2 2.300000E+5 4.010000E+5 3.110020E+5 1.073333E-7 1.060667E-7 2.830000E-8 3.890000E-8 1.680000E-8 1.640000E-8 1.700000E-8 1.670000E-8 1.510000E-7 -1.266667E-11 0.000000E+0 8.388521E-5